6.382400633488111152e-02
5.941073095855282232e-02
4.854707196813638770e-02
4.749182479220746822e-02
7.517667465773260338e-02
5.227098638257975452e-03
5.697982577841607249e-02
6.567895389360173253e-02
1.088118242978456177e-02
4.447502217553575554e-02
6.832283804386546366e-02
5.535689216534864232e-02
6.754646245148808459e-02
1.511227711257862316e-01
6.877580798796729955e-02
3.415980969431341163e-02
2.591052137013685058e-02
5.872605106313746187e-02
7.179827289194577744e-02
1.488552175878230521e-01
2.270235300207532059e-02
2.198528668174918876e-01
3.475573781571125037e-02
1.255867387747204023e-01
1.025382373317249886e-02
3.760755434363045185e-02
6.614355017231531020e-02
3.690297052278743162e-02
1.170000118269140799e-01
1.487816426734847874e-01
4.151646688707989058e-02
1.697231261389096565e-02
4.935222848109554333e-02
1.417504501546053113e-02
9.508429975497562081e-02
1.149114589247778040e-02
3.519151272992707136e-02
6.412097150336594498e-02
1.882237720256615607e-02
2.909385262846922449e-02
4.320068797463996052e-02
1.387632008240823230e-02
3.034235753014944553e-02
1.150334473107223095e-02
3.763222128550886003e-02
2.627197774548550510e-02
1.335934155548056945e-01
5.081445498329716787e-02
2.899355348251745484e-02
2.143424182915345394e-02
5.695566135315840994e-02
8.026668243782467127e-02
1.557711049336247058e-02
2.103580417078746399e-03
1.231372016517246447e-02
3.108829647496130777e-02
4.584799339496084536e-02
6.782144423723392157e-02
5.889661680809717137e-02
9.730988545480098728e-02
3.653018801035579771e-02
5.827122735196932357e-02
2.233283123929994118e-01
5.845359726985824289e-02
1.581043003126212168e-02
1.309503431337540602e-01
5.563857374318238735e-02
1.282237302630156173e-01
2.488568219205451737e-01
2.949981368283317168e-02
3.883638112932264602e-02
3.631587805532235369e-02
6.321723093763653711e-02
3.408017781598150081e-02
3.018482489186451526e-02
1.214952398537348516e-01
5.185517211937115678e-02
4.096390542023183035e-02
6.052244002458178479e-02
2.108869288702507408e-02
3.494072736953502539e-02
4.801723521739114514e-02
4.633987604190401011e-02
6.199709526816316735e-02
3.991041153405885250e-02
7.035097887157372443e-02
9.557236218439757458e-02
1.694195321211929006e-01
3.569342292337352590e-02
1.161820039096682494e-01
3.773190014863895408e-02
7.286692326403679254e-02
3.244683130534033177e-02
3.700919706844830320e-02
1.110953618930037023e-01
4.240869024214111854e-02
7.537364735111375114e-02
2.727602404664359811e-02
2.650963397087112428e-02
1.021817864850171065e-01
1.843357877749178877e-02
5.556415655762241695e-02
6.639851166388603676e-02
4.828380278570872791e-02
1.450351004608172178e-01
6.445611843845142075e-02
8.213299164632009708e-02
4.605737665722039326e-02
2.560957566483898495e-02
5.799226872176031257e-03
3.579453547452092488e-02
1.057850375904169221e-01
8.040493868236328612e-02
7.887048097839267913e-02
6.033085849615582585e-02
3.564659670163138755e-02
1.016208551363828039e-01
6.084598855630821146e-02
1.316162505427791347e-02
2.630876205823488856e-02
2.353372557906397225e-02
1.069332007543881587e-02
4.451101032804456042e-02
5.954225202173739351e-02
3.175652203361878367e-02
5.142806577070606344e-02
1.608495187871736842e-01
7.333773062976629842e-02
1.306404490378165924e-02
4.436909579505058515e-02
7.049999568116972759e-02
1.170285100740361683e-01
1.185302387446235950e-01
7.826855378290620280e-02
3.725075642419884564e-02
1.409139035085176794e-01
2.366684934917656635e-01
7.523232002886014180e-02
1.806203258410232076e-02
9.698960367056347343e-02
2.124013760815728902e-01
8.215556462191467291e-02
3.647601978728493705e-02
1.187004749689355154e-01
4.517015512741953676e-02
6.226953125599802435e-02
9.498810930302759026e-02
1.149009757552474920e-01
3.129969349487016217e-02
2.668874858472986694e-02
1.763619290112133572e-02
1.067757392826689522e-01
1.295218349926281765e-01
5.278139691661237753e-02
3.494341322388616611e-02
2.198757502075378636e-02
3.440022519622116387e-02
2.675901280426699197e-02
9.724204806265748791e-02
2.646240091078353590e-02
5.408648780536069733e-02
7.410617405483312103e-02
5.057172948178134675e-02
6.793423499562319112e-02
3.300024335706974038e-02
1.399621202104909812e-01
9.867667234845803326e-02
9.915284917866766523e-02
6.583281491926878948e-02
5.684026712229497263e-02
5.926910164521709962e-02
2.609985247592804328e-02
5.246548732282560468e-02
6.440503740668747368e-02
3.333700589746875498e-02
9.087220654410886611e-02
2.765678565937447139e-02
1.147632300334962552e-01
9.496134701321386207e-03
1.098938104523875942e-01
6.026449259776988504e-02
4.320116863497972665e-02
5.355384742660547481e-02
4.280799258212705100e-02
9.787246128103535558e-02
2.378866050100185425e-02
3.373931580148799986e-02
2.099654944964247927e-02
1.453518995958934246e-01
6.430575757754458666e-02
1.181526973596017799e-01
3.072029763020342127e-02
5.450281710642511379e-02
2.461939925232335680e-02
3.266810008428236434e-02
4.311634126440849757e-02
6.989390239479059685e-02
1.140954238129174153e-01
1.034794019192604997e-01
6.767736379928160351e-02
2.877075934762495305e-02
3.237008459090211926e-02
5.015949444315156297e-02
5.485112877492295119e-02
2.413233871111316459e-02
1.183152605992309758e-01
6.266177159184627143e-02
7.922765127652944828e-02
1.411265831803693582e-01
3.376209443653058889e-02
1.902785292673575893e-02
9.225170681838858189e-02
3.083412709457255055e-02
1.311480824452333216e-01
5.058149247869657417e-02
3.823363088057706027e-02
9.850883438599786213e-02
4.341264256612785422e-02
3.761476126428301564e-02
1.186727011455263048e-01
4.581339506868647993e-02
6.861779450172914019e-02
2.598323312594440909e-02
5.622930386577124767e-02
8.798099119472491125e-02
4.777756294279254801e-02
8.963403626267085755e-02
8.526138861676081648e-02
4.316008027614435388e-02
5.518819832840698297e-02
1.375650890067655618e-01
3.917280696540341445e-02
1.157820473867599426e-01
1.347154270962466482e-01
1.234656494532604572e-02
4.871346860401213480e-02
1.686257949440753134e-01
3.284661494351522742e-02
1.682781874470541394e-01
3.090870923566776344e-03
6.879846039045854622e-02
7.606522162602004367e-02
7.781056674828150561e-03
6.110235959617911494e-02
1.313176680280025155e-01
1.717086940149891994e-01
9.928940556282137356e-03
2.154964534177863378e-01
4.419527416763281702e-02
3.471423543379420495e-02
2.440390902551778651e-01
1.776476738015328807e-02
2.457925353475105823e-02
2.945332240176384495e-02
1.731344082550448013e-02
7.647896511988751256e-02
2.963903597659287362e-02
2.070040539635900276e-02
1.201420282005548623e-01
5.517320026215501161e-02
3.267100845001925241e-02
1.465557976310798670e-02
5.416587893339700616e-02
5.757835855771656353e-02
7.322030502847122480e-02
5.646396124088468027e-02
1.893000314687676849e-02
5.678609029110191081e-02
4.458579703190836824e-02
5.300993844932148924e-02
8.468278760498801350e-02
7.002807488135184832e-02
1.288313292910203689e-02
7.159617775881370327e-02
1.335346318043104663e-01
8.214531847113007434e-02
2.236700475408153616e-02
8.793339545507646016e-02
1.640336187938338242e-01
4.726964139023660805e-02
3.134912450814378304e-02
3.226944792286687985e-02
1.250940694547442167e-02
3.785445170163931339e-02
1.786912442833157866e-02
6.532837675029756763e-02
1.645669327575352836e-01
8.641481912255080666e-02
4.710327966669721617e-02
1.156880619359832926e-02
7.725745685991351752e-02
3.987405303396589912e-02
5.883999738707013094e-02
1.297351095197545323e-01
2.810402524582143388e-02
4.590262612674002318e-02
1.285450127088303696e-01
1.073843803721925838e-02
1.260723387177475063e-01
3.177327768201702179e-02
4.180305421672412397e-02
2.019521387212803304e-02
1.079484987868678941e-01
3.602198360877473249e-02
3.713657083590220231e-02
6.456439295614269103e-02
9.178236574409018300e-02
1.665777125793450053e-01
5.112755440772880772e-02
3.578887657904086111e-02
1.662226558864807191e-01
3.175418890342152078e-02
1.564311882857163105e-01
5.042770380333010116e-02
8.465233306408471992e-02
1.909018134175501438e-02
4.241764849798784071e-02
3.221506437380545346e-02
7.911447017850341268e-02
8.188553992755225053e-02
3.319850801362909248e-02
4.623802329938364597e-02
6.396820142795703323e-02
7.178869476080852741e-02
1.798215839190169321e-02
1.332475741974181171e-01
6.297872500895003445e-02
5.207298776331607121e-02
9.464753734356229353e-02
1.868750126888026747e-02
1.519229250197170200e-01
5.244064368339241416e-02
1.243889484517684968e-01
3.334488332635765495e-02
5.135360155874474364e-02
9.001209266334037062e-02
1.049199780099415724e-01
6.467630805358239032e-02
5.431808196661570831e-02
8.134492070413543163e-02
2.030616395176414180e-01
5.098291508210096162e-02
6.228907574027850447e-02
4.063307058640452246e-02
9.044334915784783824e-02
2.829751083753058102e-02
5.397098092959039944e-02
1.760880778855913875e-02
1.099141968346036419e-01
8.824258841746455279e-03
2.295288199323922314e-03
9.224335502004782361e-02
3.526765397730328294e-02
6.559317475629142247e-02
2.436021485189551056e-02
3.976854356553842507e-02
4.060449723809051586e-02
7.537921121698477889e-02
7.565931462444477895e-02
1.127749683754435128e-01
4.576865095851530285e-02
2.612197827917668233e-02
7.352420606424964200e-02
8.684027415646372594e-02
1.570776054072860473e-01
4.611136264959267428e-02
4.596751702781752547e-02
3.154681591072566738e-02
6.663411966337598469e-02
4.873531939953879011e-02
1.117984809941157259e-01
5.357808937455081633e-02
1.706950133873961356e-02
1.035796766710880834e-01
1.073689094692741874e-01
5.046965742948384542e-02
4.969109350004750902e-02
9.949495871031280303e-02
9.368970652437090540e-02
6.421013544495575431e-02
3.238637811266601579e-02
1.040992758934109474e-01
3.318599578542258399e-02
3.337890729164082193e-02
4.464777986457738046e-02
3.913716201249909515e-02
7.567764944788529791e-02
4.872134196817728274e-02
5.518519870110039083e-02
5.049529322755776789e-02
1.779369983619667403e-02
1.737069802076369671e-02
5.440724502104315324e-02
1.492475418523307451e-01
1.654291120049654340e-01
6.750824842935435055e-02
9.027585674836724472e-02
7.614876982446089348e-02
4.680424674728477646e-02
5.332364358888874029e-02
3.379940018816440794e-02
5.925483307530673982e-02
8.775337246462774909e-02
7.354974829919073975e-02
5.996349636826163454e-02
1.239783316512318018e-01
3.302676376991180163e-02
8.067839969525522625e-02
8.620327777376650402e-02
1.032809067474675102e-01
1.084862286773884688e-01
2.069640750124789041e-02
5.337445976450129470e-02
1.279256313643389875e-02
6.013977542879031524e-02
5.377789895380129942e-02
1.560267987627073916e-01
1.340137465864039978e-01
5.540404434597165362e-02
5.979848282137480847e-02
1.076658651278907530e-01
3.305914001124782287e-02
5.159750333157597096e-02
3.781517331921605690e-02
1.377371356220808418e-01
2.808371839697051606e-02
2.503222663048871796e-02
1.269445466284815638e-01
5.340331520548036864e-02
4.123881493564064693e-02
1.920064850730517081e-02
1.094894843678856228e-01
4.169972657452631487e-02
9.973565544776463732e-02
1.906875174888988944e-02
2.344887943485429727e-02
2.608233902776093543e-02
1.064522021619976472e-01
3.607085210400268194e-02
7.886725466071521640e-02
4.498626375548564482e-02
2.880674754724691852e-02
8.041838349890588489e-02
6.442713685274301105e-02
1.738244109382175093e-02
8.376818284201741072e-02
4.500384475500859155e-02
5.742721172490664050e-02
7.321724194503537175e-02
1.451342445495857614e-01
4.884352473945338668e-02
4.156423819657965174e-02
5.612555173834332667e-02
6.129531415985951109e-02
1.290706740779964945e-01
7.860878908258157882e-02
1.188075527349835986e-01
7.056920482651558857e-02
1.875187824778357451e-02
1.918851723364939366e-02
7.798893952079467839e-02
6.883628773385969124e-02
9.804311641925192444e-02
1.507846467513869991e-02
3.588962438489155110e-02
3.134280283345967227e-02
9.531812607994687159e-02
8.489990728671659159e-02
2.961351585994320690e-02
2.013192183421758097e-02
1.163542372536788688e-01
1.694781238472183871e-01
2.891125959297056319e-02
1.181756698893765556e-01
1.614370428403547053e-01
9.846236553039486306e-02
1.462123288669327781e-01
3.423085528446052211e-02
2.064757550453384660e-02
2.868893542756505155e-02
5.866443708510430538e-02
1.147682794542781159e-01
8.665533816623395558e-02
2.351439525448293863e-02
5.617275729740323076e-02
1.875492368874233720e-02
5.472655934663611665e-02
4.253825078824353956e-02
8.864421274039048504e-02
3.824825434691718484e-02
4.549778056262158282e-02
2.013460082950460986e-02
9.432781374505692928e-02
4.940046634486622290e-02
5.169755280198521513e-02
6.330205734188952549e-02
2.560618902252845622e-02
1.609348716799184620e-01
2.315500911664390964e-03
4.358000308852749694e-02
1.275021563622598664e-01
1.906063581888357839e-02
7.255610786449821770e-02
7.956939406451342400e-02
6.301934648051785159e-02
1.337506914406401126e-01
1.181013877447433802e-01
6.466833979392919152e-02
1.490559840529429581e-01
3.015929918801891693e-02
3.821700515156104677e-02
2.732390414929830244e-02
5.037163781818503050e-02
3.409078336177599755e-02
5.688790706664770963e-02
9.446373843609760790e-02
9.678212685094926548e-02
9.608033846857591542e-02
1.279068369773328495e-01
1.200006155449385992e-01
2.449555417226042045e-02
2.753268425962340435e-02
1.905663269890186737e-02
3.843934587657159285e-02
5.479637726387117519e-02
8.195669949802344978e-02
1.526693497995577908e-01
1.001192342631841564e-01
1.809350892466355873e-02
6.783574859972658910e-02
1.049327364893072601e-01
1.456696967352051342e-01
7.644040971452674416e-02
1.051279963669176226e-01
2.255859262909920213e-02
1.964188821160250259e-02
7.164821589630092358e-02
2.042100673870670194e-02
7.823984431366819148e-02
1.053311673862528108e-01
1.169559419594603245e-01
5.830530393338049372e-02
1.050375840599322985e-01
1.975515796739717514e-02
6.496076712241075080e-02
3.177230058165884941e-02
1.160466947319872405e-01
9.220604490290239263e-02
1.565729612559325565e-02
4.654888883598019139e-02
9.869425196989349558e-02
1.818823053913537491e-01
1.965376248672799642e-02
3.676884482340256333e-02
3.911401023327339133e-02
6.689614279477920644e-02
1.979204108814660440e-02
5.253526259596100895e-02
6.542035832856861466e-02
6.602373393764530973e-02
1.959404552262854760e-01
1.037931437420128306e-01
1.881630508870019147e-01
3.282412477225731678e-02
5.240477040079631610e-02
1.126775721931994045e-01
5.551458236998577100e-02
1.255417106168611741e-02
3.536168449052761592e-02
1.519290229036587281e-01
1.065919303408295743e-01
1.786756691633447150e-02
7.507191351265470047e-02
4.984016252155695076e-02
1.135012702954037445e-01
2.570205207447647661e-02
5.073958795466509963e-02
2.671016268267903393e-02
6.017984172766528000e-02
3.870470478116373042e-02
6.188349557360296738e-02
1.104335513743414515e-01
3.295780341962244869e-02
1.736443839248991844e-02
2.143424562083248719e-02
1.046530269352492354e-01
1.365372365905730967e-01
1.244624785046323512e-01
7.721739941074240443e-02
1.648779905592354655e-01
1.718250171709454974e-02
1.670405091858802316e-01
7.360619699095759250e-02
5.104778558135918132e-02
4.093701736383136003e-02
1.082957424419039583e-01
6.498013821347069230e-02
6.444330122744684752e-02
5.127146066995735829e-02
2.345970899283088273e-02
4.677402652346410172e-02
3.499125591860659246e-02
1.662778213621457502e-01
8.286942955321095761e-02
5.248795337608528483e-03
4.562777421793786509e-02
1.444295057577514411e-02
5.736492143420471312e-02
5.911843850425041458e-02
2.457613064853374565e-02
4.237526773900018168e-02
4.462944884268048307e-02
5.688437940472848564e-02
7.693366985808612613e-02
2.165946880847581801e-01
1.073477640775433173e-01
5.544906024041958842e-02
1.299016088933249019e-02
9.013069368304162110e-02
1.084322559968252803e-01
2.846250107178825359e-02
7.235977097541269887e-02
3.506192695051257857e-02
6.417564905331470115e-02
4.806816062355063340e-02
5.120418532308192161e-02
5.536408323466851522e-02
1.632241552168096355e-01
3.531579184777350333e-02
1.585120300017580086e-01
4.938456023707435416e-02
3.331432705413545775e-02
8.951286443551979832e-02
2.695490235759777017e-02
3.589890505168700369e-02
3.406994620702856469e-02
1.978001570921391131e-02
2.628617457696452026e-02
5.365347532041861434e-02
1.189731904612645330e-01
3.000231171705809025e-02
5.381289873618583242e-02
4.304357259794495960e-02
4.979054973039925142e-02
2.541529286699997781e-02
4.841237223041305882e-02
4.034511221168172318e-02
9.492262166187924455e-02
3.744540945773184443e-02
1.056347226604881923e-02
1.063702408940470079e-01
9.086585269165449452e-02
1.352379092444340181e-01
1.143415355630560126e-01
3.474963758429166355e-02
4.290560687666172129e-02
6.856538936541101137e-02
4.771950272372326579e-02
6.350329850274708324e-03
9.540425319926638947e-02
1.152210731056081544e-01
1.358842929211802608e-01
1.679249532402737333e-01
1.699951624604133515e-01
6.023784920390754666e-02
4.528334700337359464e-02
2.148560064797869207e-02
9.567158748750359543e-03
1.639855311060314236e-01
4.144451104095321289e-03
2.300352561707050270e-02
1.492288827628814735e-02
8.687225155084375705e-03
1.122803051519343301e-02
5.668507998052167533e-03
2.001496244742550015e-02
8.442908976978318394e-03
8.636160076810136740e-03
5.302330417903889509e-02
7.695608209236907971e-02
7.992685364126334360e-03
7.163091157900905795e-03
1.433279731067166329e-02
4.868677117628567724e-02
1.261052899610649695e-02
2.366094956922813047e-02
2.235558887562555039e-02
1.137026100067457454e-02
2.260948508788337280e-02
1.391473182918523746e-02
1.078383597701911868e-02
7.698917843758370898e-03
8.263123233706311244e-02
7.603269919355494511e-02
1.944702601166050857e-02
1.951263663563173809e-02
5.537974981012739120e-03
7.141405260353012041e-02
4.326147440880774575e-02
9.371427028280084753e-03
2.589522231888354356e-02
2.262260628907188445e-02
1.260173283809166989e-01
9.181481330492019186e-03
2.119747302688603299e-02
4.709298758540127194e-02
2.815563397399727108e-02
5.159668624898847145e-02
6.707637529449766989e-02
4.086975791838218762e-03
7.972357052952598611e-02
1.244524087739815738e-02
1.257751639495357024e-02
4.609635252345213596e-02
1.927360568061905338e-02
9.912494766081327013e-02
2.838190389126991203e-02
6.615033898397137263e-03
9.013033275387281884e-02
1.710748535481574142e-02
3.647890079056437251e-02
6.414442308990783714e-03
7.756222679447005719e-03
8.787509892477889106e-03
3.089524812414008725e-02
4.230791323441530222e-02
7.623827372858275886e-02
4.075585455394218487e-02
4.821448388573486982e-02
3.066347836557729162e-02
5.082833233300960984e-02
3.852257394973047228e-02
6.133605417892903228e-02
6.805429393441100872e-02
2.327585773714874184e-02
1.189641304062821585e-02
4.320826471784164347e-02
2.316172946551389375e-02
5.041714189241542667e-03
4.352387857249688519e-02
9.790615637038072375e-03
1.163708815155024487e-02
1.916149562505290241e-02
2.669100949359220001e-02
2.517536129185204627e-02
4.276435445604195341e-03
1.196188634243067206e-02
3.392025172455066795e-02
1.342652894998536475e-02
1.416357320046284472e-02
1.061827075055890406e-02
2.870122304326665555e-02
2.993144453793061127e-02
1.593614843136121478e-02
5.118190166594185388e-03
3.735233796762816444e-02
1.820319313627495952e-02
7.677239518938434523e-03
2.034463868225524705e-02
6.217544281179524651e-02
1.099712641121155035e-02
7.590242094365391018e-03
6.499658952627405950e-02
8.299596940669808770e-03
2.641806417559509901e-02
6.294392841523923678e-03
1.929585552220419373e-02
6.368283557888144986e-02
1.121822260690490125e-02
2.145144864197509257e-02
9.063327894247205294e-03
3.253578272176193414e-02
6.758929955470725434e-03
8.227541750088090272e-03
3.444771219744317825e-02
2.576232447113169927e-02
2.400487592429793524e-02
9.030662457583310543e-02
1.675071715346768478e-02
5.569876690433167576e-02
4.326100218538209835e-02
1.083806810849687573e-02
1.609887811848199554e-02
1.421823561577670661e-02
1.414344680569268667e-02
3.703759435481893819e-02
8.619422916827306630e-03
5.697947384356941321e-03
9.321080940961691194e-03
4.888151106253926098e-02
1.612351829712859244e-02
1.005950908194244986e-01
2.134243087160019037e-02
2.438798190910783370e-02
8.073589922903431568e-03
5.893689203266039983e-03
4.757851254939757246e-02
3.586107079982760269e-03
2.796606728556830582e-02
8.326426279059375921e-03
5.966160794917300253e-03
8.645860324827607524e-03
2.739475136110569933e-02
9.981535094715048018e-02
1.201702444292110719e-02
7.488637767453136876e-03
7.773081630566221895e-03
2.127721873372345751e-02
3.737826602378332280e-02
1.058087080933428799e-02
2.621917421575562651e-02
3.190080191257551462e-02
7.673124325621680231e-02
1.625262590628705553e-02
2.425205906029994848e-02
3.421931320187093784e-02
7.105645295121212901e-03
8.165991937524678945e-02
3.315862460905592835e-02
4.114573770179147383e-02
1.475859411346086732e-02
5.462260436553933313e-02
2.119418057322648014e-02
6.850461744516330928e-03
1.096204576937075473e-02
7.004547127706371376e-03
1.068116113795815510e-02
9.911828994081235689e-02
5.769012258771894983e-03
2.240432880841474253e-02
7.051773773103114928e-02
1.866580242386802618e-02
6.579694604005969019e-03
5.065740614235972328e-02
6.678603310844559438e-02
1.387785526663712007e-02
1.870302166257839169e-02
2.098208050940898739e-02
9.895791880471545635e-03
1.434628861231997815e-02
1.822976185471969213e-01
3.550168444115228000e-02
1.709632521476929859e-02
7.275482516049468218e-02
4.385721535813479066e-02
3.622695609897393088e-02
6.067502663598745710e-02
6.281191689354542751e-02
8.594246672233973178e-03
2.119093965075001876e-02
2.022866358010735888e-02
7.489319379249491544e-03
2.253672823673970316e-02
1.326061821867155661e-02
2.172795327780184180e-02
3.970894444010870244e-02
7.116468767426749331e-02
9.812566218190979517e-02
6.245014108514532897e-02
5.000139048285699717e-02
2.983937271117419882e-02
1.012542693120243274e-02
1.770187088021959662e-02
4.558429823441258188e-02
8.323869924626242991e-03
1.228937755988222455e-02
2.279911060469622802e-02
1.440902794829375562e-02
1.141911568356937384e-01
2.010082091633375381e-02
5.650988455205201676e-03
4.830880011915152962e-03
1.182687987772566320e-02
9.874589004995208696e-03
2.424617155550420899e-02
9.695078817239837637e-03
5.244395439136648705e-03
8.372281489662137741e-03
5.370287639732483631e-03
1.600546733950707415e-02
3.587432268612938263e-02
1.113250231541845596e-02
1.539356534888026290e-02
3.828524431145170770e-02
6.422559421047758718e-03
8.374735061097385302e-03
5.404312861090512787e-03
1.042897537222291574e-02
6.993990084717673084e-02
1.330342585175505604e-02
1.438588124962154879e-02
1.673300203025640184e-02
1.085144157134738593e-02
3.995801365397084332e-02
3.467816913491482411e-02
7.155991220062243863e-02
2.926318772357147657e-02
3.641089998527342886e-02
7.799150945988225780e-02
1.722375379354762759e-01
8.888059607817073993e-02
1.011304304744158472e-01
1.040612213008023368e-01
1.044046111403681698e-01
1.110498579274351617e-02
1.551947473970888974e-02
2.013446513357306997e-02
2.139718049486747861e-02
7.973388545160621510e-02
6.360997859972277596e-03
5.425630870860747960e-03
5.716388457049304678e-02
1.415033996611972378e-02
2.806610794911108819e-02
1.116224402672581217e-01
3.409007764609441049e-02
1.023534163695286880e-01
1.848772520733623151e-02
5.303989845710352369e-02
1.999001037925314875e-02
1.139651033010471645e-02
6.274082256463676087e-03
6.637854117333076738e-03
6.233833358650698458e-02
4.819343160189672529e-03
2.559379098033705974e-02
5.346098279203709280e-02
1.318608031801476663e-02
8.226406274237605190e-03
3.564741349214706895e-02
2.564736826385093441e-02
7.649473627038763310e-03
3.844574581640732881e-03
5.702987884251063504e-03
9.792075007245430729e-03
4.319474764507602420e-03
8.031974504059354036e-03
1.784464682343444089e-02
2.664566572449704115e-02
1.337863283029852926e-02
6.499443875251781355e-02
9.340245462701199375e-02
1.833346868627590970e-02
1.317150979652607218e-02
8.177387231099175757e-02
7.151156553878296185e-03
8.103790771641970411e-03
8.549453634695404480e-02
3.408269604017682280e-02
3.886620769545789250e-02
9.449007422372752985e-02
4.375877721316474150e-02
9.603718671469148316e-03
4.633494301460592407e-02
6.574322946148748736e-02
2.366194886726713867e-02
1.406685148700491383e-02
3.576417271958549915e-02
7.188599364552999277e-03
3.521115931525406473e-02
6.171060367012922571e-03
3.454587029258952835e-02
4.383026972851046532e-02
2.938520037153941750e-02
7.954874569753814240e-03
2.462954470063881754e-02
5.150782483059197260e-03
5.310664300308799712e-02
8.125898092018576241e-03
5.717388403098027511e-02
3.187655444778251385e-02
5.452178214070433487e-02
6.972597542753433686e-02
2.985492487035230902e-02
5.030698138461624225e-02
8.197426123096467759e-03
3.314028495459134943e-02
6.024992668648905536e-02
5.245932520663249693e-02
5.127835576404941864e-03
5.331350203435150995e-03
5.845139297539035141e-03
8.300816569718108551e-02
7.605996085983044754e-03
1.894308412015728929e-02
3.304016192940935348e-02
2.632961640598418390e-02
8.088543013833007778e-02
5.376207116237289446e-02
1.736336115963505941e-02
5.452543921489502038e-02
2.474044131934530211e-02
1.481522377808106375e-02
5.951303431725899623e-02
4.600355857133708870e-02
4.743815976207989282e-02
8.286616204995385371e-02
4.249188933520761657e-02
4.000978914768495154e-02
3.210127735571136759e-02
3.713801915514524515e-02
2.425248972721973789e-02
3.352319046660807295e-02
1.130517423399266495e-02
1.227538877847542814e-01
1.471707835487567027e-02
1.073707784947600385e-01
6.521560615120633453e-02
2.825165797527316378e-02
9.425416259091566606e-03
6.357529403223792508e-02
1.181209679970578533e-02
1.450753241546177096e-02
6.455768730191427385e-02
5.304957199635990800e-02
6.423708006290774521e-03
1.504202710526376385e-01
1.876140450406223528e-02
3.732079974938509043e-02
8.537943802989418629e-02
6.418362217784146992e-03
1.039426271909439127e-02
6.119627186864498580e-02
2.004140472151186292e-02
2.245440667475518889e-02
4.016347891877621035e-02
6.578920322068381767e-03
2.285113520722767064e-02
4.091325506711070842e-02
1.342778119649289635e-02
4.944464897698237077e-02
1.981659232027572007e-02
5.565485511796057494e-02
3.199500229824583930e-02
4.102544404390807281e-02
6.971819662320615646e-03
4.990181982610035656e-03
2.904120628096300283e-02
3.918513431658886964e-02
1.885568570256036802e-02
2.991646295896192506e-02
2.587679301812323418e-02
5.889606460186378942e-03
2.048999814294741664e-02
7.168691474761638462e-03
1.136926061661364465e-02
2.798016246039116122e-03
7.685369600431905639e-03
2.402309888648637703e-02
2.731453912985058394e-02
4.110607715186934824e-02
3.399070650155714551e-02
1.206765381353437361e-01
5.062017651833836118e-02
6.768544562449185786e-03
1.186920478269113018e-02
1.539300077002054082e-02
1.592991849853717459e-02
5.172313268131692454e-02
7.666615614838980831e-03
2.452985221309876909e-02
2.707466167091120146e-02
7.551899957456029155e-02
9.109814265288092641e-03
7.263051930424763158e-02
1.261426452815954564e-02
1.233492871571592424e-02
5.959705881488362028e-02
1.612852094173575918e-02
2.980069939414174696e-02
3.477913966785305903e-03
2.333442084935695091e-02
7.480048918389800572e-02
2.098991655341459622e-02
1.376960511632684403e-01
3.586182087115437345e-02
9.084346961520596564e-02
4.619164321246805455e-02
7.618746123251121660e-02
2.834806399633254051e-02
7.737354466822338704e-03
2.788307048575790204e-02
1.886355850986144028e-02
6.878859235903330913e-03
9.839685252561591877e-02
9.393015713286517743e-02
3.072038555639123800e-02
4.842135640731219659e-02
1.080093876974482121e-02
4.202590978539254979e-02
6.494932729000296723e-02
5.978590785007739140e-03
6.102265477605323292e-03
5.907006880500041690e-02
7.674281050491942036e-03
1.003379913836933979e-02
5.601691466651267243e-02
1.141710400812403527e-02
1.089492049017256464e-01
4.776379750699717708e-02
9.765463459617556088e-03
5.883604528337525036e-02
1.658207317228269778e-02
3.273820815708455845e-02
1.384203291334968992e-02
1.879735873772783034e-02
3.555561125587924920e-02
1.123118289699463410e-02
3.137858930910626676e-02
2.365266850683140146e-02
7.900183667435429699e-03
1.355560236773538027e-02
4.392455799496462754e-02
7.240449047318740436e-03
4.294091582111352751e-02
4.361597686522888061e-03
3.344596301360017176e-02
1.150611512443883155e-01
6.239742551042908036e-02
2.585083956936189489e-02
7.192836752647265020e-03
5.580975270472885580e-03
1.129684394623789098e-02
1.186841339093377794e-02
6.263360934368815414e-02
3.033513369349358571e-02
4.520718118025017496e-02
1.710359025836067082e-01
1.819109774470585930e-02
5.431400189810121210e-02
4.303318166794742328e-02
1.190244019248425447e-02
1.273404025779387855e-02
2.100767515654099193e-02
1.135404914996110924e-02
1.237649498398778018e-02
8.881429296325600922e-03
7.588445218861463760e-03
3.623589686832492333e-03
9.843018027840791384e-02
2.721638063166477092e-02
6.059674867918207058e-03
7.010302609526504296e-03
8.951922785226220161e-03
5.481470579280127778e-03
2.762080120449213194e-02
6.124841007546095485e-03
5.398887096543178617e-03
3.954872946364939440e-03
2.377820518620523890e-02
1.862979849171542135e-02
3.737468196772905649e-02
6.841110083865351021e-02
4.143916884695738462e-02
2.045029487094503912e-02
3.842258340387658122e-02
3.516007841172568565e-02
8.962181063557967536e-03
3.617889980472212968e-02
6.380633544376260180e-02
9.484059167801407730e-02
7.415082792166051429e-03
4.386508089684501045e-03
2.022965344297066384e-02
1.192099129587074167e-02
1.137855197595218602e-02
2.603841263497765901e-01
1.336134977749362310e-02
1.293538527826756240e-02
8.373951866975273828e-03
1.855088152587659397e-02
3.577700450879248151e-02
6.468516302303926879e-02
6.988957446847257615e-02
9.189921454582088145e-02
8.781506131294566919e-02
7.708755025841931320e-03
1.316086106940901057e-01
3.954287437354396528e-03
7.181481888967220124e-03
1.696939801524269265e-02
2.103314691185126720e-02
5.615635779626978324e-03
1.087522033214110562e-01
4.895438266691973239e-02
3.428164327519678256e-02
1.235388110470321023e-02
1.243902748700994286e-02
3.951505780969904319e-02
1.150289120472953487e-02
6.050692295955496965e-03
8.762088612801716137e-02
4.968791299630578862e-02
3.244783748966405257e-02
5.886909557584994040e-02
6.498355616065734815e-03
9.040711808475732081e-02
4.480255183977455147e-02
6.912980904049524644e-02
6.920621497112196263e-02
3.242576858718716065e-02
7.249964647589554265e-03
4.802657015688419073e-02
1.674427483818558271e-01
3.542509901222042068e-02
3.934481113162077021e-02
2.691640804575075319e-02
6.631342150306346502e-03
5.761068772352167730e-03
6.100163189726002730e-03
2.887806945941434958e-02
2.191540262432610520e-02
3.542143696333417691e-02
1.264165833968707575e-01
2.000051294305916355e-02
5.930685243913392732e-03
2.234630470334287439e-02
6.043364857790270959e-03
2.469230882969726884e-02
4.891616964391301559e-02
1.075958116763439942e-01
3.175289748293572481e-03
1.185523209089510768e-02
1.789117732537539099e-02
1.594587487671331877e-02
2.880984106662413599e-02
6.488412794535691752e-02
1.290238163711365099e-02
2.132229806876710654e-02
7.637924830907390217e-02
1.240781827730609854e-01
7.167816426323707704e-03
3.656881748325940557e-03
2.365184695184325073e-02
4.191881142419680989e-02
2.708295797077961420e-02
1.728466178751683624e-02
8.951313267974689986e-03
3.602751190365775097e-02
7.481658216312095377e-03
2.305323013348694119e-02
2.199612459957009380e-02
9.064959610465312886e-03
8.527371963295381566e-03
9.960613990763629230e-03
7.151565003449849266e-03
1.601591115436216961e-02
9.890793581143918212e-02
8.585535960579758138e-03
3.068231121863979408e-02
1.121706802514075424e-02
5.808436001866497563e-03
1.515287547292086812e-01
6.548753679597871247e-02
8.918621498160229921e-03
6.118070018402730487e-03
6.452388539759626451e-02
8.095737626146608940e-03
6.558671110116781611e-02
6.733255913658905967e-03
7.685744496041523391e-03
1.352464084001876732e-02
8.031820963385777681e-03
3.402289754944560346e-02
3.635435323856740092e-02
1.454086244036976137e-02
7.208087055177481162e-02
8.325705664992572377e-03
1.207120315073052438e-02
1.005495533454713458e-01
2.979883653678313052e-02
8.320301903234485902e-03
2.899022855718341382e-02
1.070758185320126558e-02
2.853062959095539405e-02
6.213570051548126388e-02
3.573990486738328615e-02
7.080110616929357996e-03
1.193908370923920173e-02
5.773171834546939919e-03
2.115002892281265742e-02
4.411875003866476408e-02
5.747940021692034447e-03
2.363114161153425513e-02
1.692608613385745975e-02
9.757407423442002181e-02
4.196649481063292192e-02
4.374274273535411900e-02
5.213253018019031737e-02
2.099323749168960015e-02
4.867492803994151809e-03
8.180539241002639239e-02
5.287832304286323171e-02
8.500557868161233432e-02
1.848815139514576114e-02
4.434828206653794458e-02
9.687825543451385191e-02
2.120233513116527302e-01
2.736136242912406633e-02
7.255213945226223621e-03
5.895251938681518589e-03
1.019201378503737515e-02
1.065010844194369116e-01
7.661953714189593742e-03
4.059568740459288533e-02
9.798511012032812273e-02
9.560636960441951104e-02
4.375724213746797278e-03
1.472027717914760336e-01
1.015880019894664296e-02
6.027368898922432980e-03
4.552762082241143711e-03
6.292097933256789524e-03
2.688034503887583304e-02
1.057305055687239592e-02
6.899807536244068062e-02
1.265350213054236284e-01
2.524588473675831377e-02
5.944323523100858257e-03
6.648022328186057282e-03
7.994220918879729049e-03
4.789675273899464403e-02
2.031936341675101565e-02
1.552569745058650363e-01
1.526543535351261756e-02
2.583702007986043298e-02
7.634221763084660627e-03
1.087710201144711890e-02
6.736813463234023538e-03
2.058596409741466834e-02
1.068685668027940898e-02
3.818211342670722180e-02
6.258467585800530676e-03
1.011198959376160590e-02
1.309171266288551398e-02
8.084344217719420522e-02
9.366104835268061757e-02
7.324516879001251313e-02
2.447414757848982367e-02
7.494084577435325065e-03
5.736329143839255691e-03
2.019415466737025516e-02
5.279809545966748091e-02
9.213019059889510087e-02
4.723557709509454416e-02
1.006547708554201281e-01
7.743353718575224365e-02
8.048723974349403232e-02
1.174655786001338811e-02
3.246237347127410577e-02
3.899314594960680280e-02
1.043524632477110803e-02
1.414761101736859185e-02
8.249824234399003031e-02
9.083691095606627464e-02
5.415888978774133916e-02
1.072972808723106353e-02
1.029763596279419102e-02
3.192414151811316658e-02
1.891005605548004218e-02
5.593492428771660446e-02
8.260246342001084305e-03
4.629196793230747758e-02
1.190188850700463728e-02
7.198193713771977587e-03
8.797743814835055562e-03
1.021949607525207693e-01
1.757882070013979878e-02
7.346026754806670583e-03
3.673600081154864555e-02
9.713937311427679744e-02
6.730014455458613321e-02
8.051170408175746529e-03
5.978548458386045289e-02
9.529224563476663967e-03
1.842006896721689463e-02
8.482821486551083909e-03
7.046199263590990566e-03
2.950298060714625845e-02
2.104000767410456676e-02
3.014638054652532886e-02
2.454120449680261343e-02
1.177751098484622512e-02
1.089708538044402431e-01
4.188881695686924068e-03
1.008660724969228234e-01
7.188568697225694061e-03
3.347823400671975924e-02
1.798367542450621248e-02
4.946555620013540558e-03
1.596873219645191799e-01
1.105007945322378643e-01
8.526682766689134760e-03
5.732468885595254360e-02
8.551398510685492144e-03
7.084653042381625077e-02
1.587465927951858466e-02
5.036074708853073567e-02
8.313981159667782270e-03
3.292417967239166104e-03
5.678504450550432917e-03
1.961003083510634570e-02
7.168691984815097132e-03
9.856775413095432425e-02
5.207973944600301913e-03
6.412764374354432487e-03
5.346605327487011228e-02
6.412341628425573259e-02
7.783413345982798104e-02
8.820560232875893775e-03
7.668697888721663636e-02
4.156933144778866655e-03
4.283682074278006083e-03
1.786503258487287180e-02
6.261285427904279832e-02
1.226046530627170061e-02
7.639733357012637449e-03
6.189078760267392211e-03
6.144632486118759528e-03
9.735521371650399103e-02
6.419221928828857705e-03
3.485053414998748322e-02
1.478711143131164751e-01
5.183310781168225939e-02
1.060979317212508433e-02
7.823254500910764575e-02
8.699806259980751369e-03
1.149238864165086360e-02
6.986236971515093035e-03
8.097473222683010396e-02
8.744007127642179633e-03
1.925704499004415177e-02
2.509189231447117238e-02
9.563611258152507691e-03
8.497455607983426737e-03
8.091384034529138305e-03
3.230154581043218759e-02
1.562594368937551825e-01
4.092000637442383404e-02
5.460034410468143917e-02
4.220712885304204673e-03
6.162411532554239180e-02
2.864189951278504811e-03
2.154033052000686385e-03
3.183059209590288069e-02
2.879660366053646281e-02
6.882897519971875253e-03
2.594734225921377022e-02
4.857841262260790410e-02
7.517540265515756936e-02
2.473744748168551361e-02
1.327524291690625191e-02
2.533159595233584749e-02
3.673021111559399837e-02
8.447067250411857686e-02
1.924843073994283726e-01
1.021583556279511903e-02
1.342577573985282748e-02
1.221200135162901941e-02
1.456991871199940025e-03
4.308061284105895242e-03
7.180885154435237734e-03
8.198726691110093390e-02
1.487315591073140424e-02
1.158222088771503414e-02
1.727324070618404400e-02
7.768023750817896339e-03
4.381594438440529482e-03
4.136505549862236342e-02
5.776938887650222287e-02
3.549873795311109248e-02
7.138529076633354231e-02
1.885171055924130326e-02
2.368329994638085009e-02
3.118332748580907726e-02
5.130015155012337263e-02
7.265564232709637027e-02
2.411497194933455088e-02
3.668719533125086585e-02
5.408790130327126300e-02
5.244387316670433979e-02
4.367226079965335489e-02
3.638693461431627418e-02
2.035861294194975940e-02
5.879134672175161114e-02
4.110101153938899160e-02
8.192191042895329359e-03
4.771411784944075418e-02
1.130723597910055084e-01
1.326145246426964353e-01
3.340491689257830965e-02
3.769805983287800866e-02
1.563032297563533152e-02
3.107304159545149283e-02
2.057333942137478180e-02
3.376994669266547566e-02
2.387821843918314785e-02
4.747049352618618046e-03
2.569200389524153166e-02
5.678044867195283785e-02
8.660896250758887138e-03
9.728557354638088517e-02
1.410323630452828270e-02
3.330031745267567761e-02
2.461369197027202249e-02
2.317104398375920485e-02
2.441934556292817571e-03
1.808627776303235457e-01
3.787225661053344322e-02
1.171403225079928612e-01
7.791279637298531568e-02
3.593541478838983144e-02
4.939177663332450230e-02
8.524150781039229255e-03
7.364097613926716759e-03
2.923171847179929783e-02
2.757473696723910725e-02
2.050649454910517810e-02
6.495835265998581298e-02
8.462156688597170795e-02
1.220928303838580975e-02
7.846337220835403192e-02
5.221898104772278865e-02
4.857745066542874107e-02
1.768453664518247481e-01
9.883430391360309430e-02
2.876208026406834942e-02
1.655964960697526786e-02
2.233468501706943610e-02
1.368305107135159293e-01
4.041695574482286057e-02
1.662745189339191396e-02
1.122616812717032592e-01
1.023234034209496435e-01
4.671751866018750837e-02
1.394929285417650933e-01
1.367436153862452708e-01
3.710655023560739934e-03
2.373417387956303429e-02
5.956844500982209911e-02
5.487279893890831955e-02
2.095181091683723240e-02
1.714510475506705878e-02
4.005824343508192914e-02
1.266681902957855071e-02
6.891830578894450610e-02
3.269019060421668454e-02
7.666303405638891233e-02
1.558539217344445948e-01
2.144705740206141048e-02
7.276188123169929911e-02
7.145712127961223459e-02
1.953273997203970602e-02
8.594181940875860945e-03
5.289122092083611837e-02
1.394139870344709431e-01
4.533544895237748285e-02
1.493069581391866371e-03
5.841309335781139263e-03
4.060653094221041565e-02
1.530849302695486656e-02
4.435535430247596056e-02
2.451875708201726664e-02
4.372491174987944845e-02
9.509915685922833151e-02
4.226718232041263429e-02
1.850964773219389639e-02
3.603135510939849823e-02
1.029675495057029017e-01
3.739187327386494369e-02
5.358406173012895263e-02
2.676743597862139487e-02
1.453441734018917283e-02
4.342404299645443583e-02
7.405298551651393058e-02
2.903121001763803166e-02
1.722962648418343845e-01
8.128525814544119987e-02
5.074651912073928350e-02
9.511005160946127412e-02
3.945104282145452806e-02
4.692949065815577719e-02
5.406400726171621540e-02
7.276287216995143414e-02
2.074032976715046647e-02
6.314770513913968430e-02
2.799855808175207017e-02
4.764351689521599542e-02
5.803642939834341430e-02
3.220804870868664016e-02
3.972431599330936841e-02
7.610888711027768982e-02
3.749555549556744805e-02
8.064765157047436295e-02
1.196117125330471882e-02
5.968579325431298127e-02
1.401999903917451051e-01
7.383641203613657868e-03
5.046960846960801828e-02
6.118880004964261793e-02
7.643412302212597431e-02
9.770345193960186525e-02
3.661202879074679228e-02
5.567436617360764506e-02
4.217621857479479652e-02
3.544550082422563003e-02
1.958045997674590349e-03
9.067749931045292200e-02
1.053045314003388105e-01
5.990437980904860654e-02
1.462191453579208406e-02
1.983357641390580059e-02
7.748221663222451538e-02
3.399056020174689302e-02
6.686962735892328091e-02
2.401037692146481412e-02
3.071627414926569183e-02
5.005260752579867439e-02
2.881920212950596707e-02
4.594175582320974421e-02
6.173613744430546391e-02
1.867933456763880284e-02
5.343966538699239377e-02
9.187397136227096195e-02
4.079598277909469994e-02
4.476496984640110366e-02
2.680777923668247256e-02
1.431960008246157580e-02
3.853093878809344536e-02
3.608711506006298531e-02
3.571107987592259114e-02
1.396269399837971568e-02
3.916278320904824362e-02
8.039568771920925158e-03
1.155330885049817360e-02
3.375992741039680195e-02
7.607769792947485787e-02
5.007125441979030922e-02
9.145719191460958963e-02
4.648803556911539764e-02
1.130784738741314049e-01
4.978697151516939950e-02
1.172069198927377584e-02
6.888752924036749617e-03
1.517945609473394242e-01
5.705244857632869177e-02
5.393829631003856789e-02
2.228530325201002679e-02
4.867497613537268009e-02
8.916439129082805171e-02
1.739263725881171063e-02
2.193594690386334312e-02
1.477229477295417259e-01
1.603311365406394073e-01
9.358923795706695914e-02
1.202342758096333758e-01
2.200446443614707120e-02
2.109352794763344127e-02
5.021653156243097160e-02
9.873873463215797341e-03
2.015602829713903088e-01
9.524060059953577684e-02
2.749017632618911550e-02
2.912303965932930630e-02
8.300457487336759810e-02
4.847070034143446948e-02
4.790544710252786498e-02
5.038573277519230870e-02
5.920879041496562856e-02
1.684403874813771851e-01
9.088397921889587727e-02
6.748630079389802278e-03
4.493478180099139130e-02
1.021115165394206742e-01
5.045779395331830008e-02
1.393184011953474410e-02
2.104740166706078539e-02
2.460043457488449853e-02
1.755047960923762640e-02
5.798970182235596571e-02
3.740634732692695724e-02
8.153746491693730780e-03
7.825426198806939571e-02
2.665355288563571109e-02
7.719478421207892627e-02
1.354699417965543329e-01
5.000517699599576343e-02
2.138480209303400548e-01
1.926409825122564479e-01
2.464297408011050655e-02
1.610686914848707615e-02
9.178782738544428998e-02
1.788384359674812657e-02
6.630340766179976253e-02
2.240104948466651869e-01
6.758804476098298486e-02
2.315715502243501783e-02
6.604586233126276407e-02
2.415584779652656111e-02
1.504675929953941393e-02
2.529199263703059766e-02
2.969046418078288146e-02
4.015806578518849035e-02
3.347465533302809715e-02
2.319674172059793538e-02
8.856801769503248878e-02
5.228539397789316867e-02
3.006319521742230674e-02
5.450585294789241780e-02
9.611708994977311016e-02
3.382885658548916152e-02
1.936177316404043280e-02
4.193973490026201012e-02
4.165151165289839030e-02
2.035429317474780203e-02
6.335615160010964197e-02
1.621423687531231214e-02
1.283693976571058382e-02
3.733284734235139957e-02
2.190957374410967481e-02
2.335136018108923545e-02
2.738896623068443406e-02
5.654984426686819610e-02
5.632415907437566399e-02
3.394550252774605759e-02
5.597277118650530875e-02
5.660859388191405439e-02
3.855173991309984033e-02
5.021234538036643824e-02
1.461999718662566373e-02
3.197540288342793496e-02
1.779210068323910238e-02
6.014822722283194589e-02
2.840497459972839492e-02
2.441925016614653055e-02
1.109421190585887194e-02
5.546350477535628293e-02
3.615747820298183257e-02
1.518606889461817516e-02
8.158436409155542246e-02
3.699745297344477629e-02
1.570707751679181058e-02
6.672132662362877976e-03
4.995912342629740127e-02
3.987859839128491540e-02
1.050795612824257513e-01
4.170224054760509474e-02
1.443004826765084125e-01
3.617672399811810297e-02
3.574779649944897358e-02
9.625882790490455920e-02
1.012278466304611657e-01
4.405846457254961740e-02
6.893895919441817531e-03
1.560841271059492108e-01
1.891863594771012180e-02
2.151020097687484506e-02
8.879214338171251275e-02
8.057621896606938228e-02
1.769032779711827638e-02
1.955844961762001274e-02
1.681411875826710478e-02
4.145294377915938883e-02
5.826892884774153430e-02
2.094513519522909345e-02
8.933600598445240459e-02
2.646556021744912723e-02
1.070893048235116787e-02
2.703419762647812224e-02
8.264424056076259684e-02
5.908506426013526713e-02
1.830608192860719644e-02
1.139248795505294100e-02
2.388019325404773865e-02
8.132063244369837351e-02
5.253757282836936555e-03
8.270059698559986683e-02
5.208988666435210996e-02
2.500383033162488847e-02
3.074813563823400667e-02
2.894678405612519795e-02
1.334019438897101478e-02
3.114245205754213527e-02
6.133349796607378418e-02
5.501568870484242063e-02
2.279489692677399634e-02
4.874567563901278759e-03
5.446224300897677811e-02
5.279028027695299025e-03
1.030811539339371655e-02
2.362044870860031606e-02
1.741822771241363643e-01
1.117524200936617119e-02
6.821677763153047303e-02
1.469657635781459158e-02
2.289021227811513168e-02
2.554337655126835693e-02
1.884192805654159517e-02
9.081450397975746047e-02
5.602909355468235070e-02
3.664727742036441582e-02
1.114789385687328244e-01
1.671459084012651142e-02
9.031254604992959567e-02
9.549281279309752846e-02
8.618383179449727594e-02
4.917242479855124873e-03
2.641730489286213662e-03
6.329732978451317604e-02
7.138935649242468540e-02
1.189559826791369672e-02
6.809993653634767441e-02
1.836996337148555022e-02
7.651653697117276332e-02
2.868935559734957924e-02
1.641338789835966941e-02
4.880880618000183607e-02
8.746017823174401240e-02
2.630496187214538886e-02
2.030649715853310999e-02
2.867663550473712950e-02
9.759553044868420069e-02
4.819868206231515961e-03
8.035851201445406988e-02
6.981985890512531351e-03
2.837759130654725695e-02
1.042751147246959303e-01
3.308399475557297770e-02
1.424068661212857800e-01
1.884364465002692085e-02
1.349272005870927847e-02
6.167919150335001571e-02
1.043345807440004547e-01
2.935486545773702619e-02
2.287723006407573617e-02
9.018558070131713067e-02
8.563389585093825196e-03
3.644685631724804004e-02
1.265705391724426636e-02
1.135953295973347599e-01
4.171539402786141743e-02
4.888002172313336141e-02
1.415596592731150627e-01
6.035296294865305500e-02
4.340679298165142641e-02
8.602977313330260889e-02
1.527106931644911514e-01
9.569345157271111346e-02
4.896676352587954473e-02
7.216739851649459081e-02
1.650634258264726748e-02
1.103550765570882053e-02
2.216423905244394379e-02
1.482501429549624300e-02
3.045328473408663583e-02
3.057901006160988408e-02
1.241739573565895371e-01
1.398704872425358958e-01
7.753628425214619847e-03
4.762879718303670434e-02
3.468272490705039818e-02
1.780615212756088764e-02
4.844140009955495707e-02
3.951955624592555505e-02
5.640798396592431457e-02
3.311370792361470472e-02
1.250724214383858515e-02
1.057828312541176860e-02
2.246811934574754685e-02
6.032741021104650464e-02
1.971853980446120619e-02
1.207250192236662273e-01
5.212433057572429113e-02
1.772460742264089437e-02
2.272931586408130644e-02
2.350275056721251588e-02
4.607978968324617786e-02
4.820164585624036463e-02
6.892674685262259460e-02
1.615540889733237118e-02
6.163120599643707315e-02
2.243690428949158752e-02
2.004838299735576396e-02
4.524989710662740555e-02
7.775177022694948481e-02
2.764002828933014716e-02
3.196000585983704845e-02
7.827452485463075316e-02
1.378428794375827493e-01
1.215775413456291754e-01
1.134828276534465552e-01
2.545741892043374560e-02
2.105745357709000801e-02
4.321910058060452614e-02
7.748606243575738295e-02
1.899396342477808336e-02
5.812065688009378228e-02
4.801222171968769908e-02
1.737211217991351322e-02
1.836395109727060465e-02
4.366737158130644392e-02
3.118015817551021002e-02
9.978554260046954005e-02
4.464692554608926112e-02
3.176383024945061279e-02
1.139707768846101588e-02
3.080053353255546994e-02
3.124176782636598620e-02
2.971146306559807604e-02
2.887791265435099217e-02
1.164662521581311533e-01
5.573794497850714791e-02
7.122291495788389548e-02
3.408207067813166791e-02
2.678231510071587759e-02
7.341025656712545089e-02
3.338513864191451630e-02
1.118857689823975071e-01
5.451996902896348585e-02
1.300475350876717333e-02
5.591480729813413930e-02
3.087376344591502564e-02
2.384579694966392979e-02
4.387548882500780928e-02
5.371676235958460638e-02
3.267445044808981597e-02
3.597427565643861180e-02
3.942282009321614045e-02
6.792279821788425875e-02
1.830649544408223181e-02
2.052054713170604894e-02
2.088087327112323616e-02
5.512764875004117632e-02
1.803033407001962060e-02
5.747846154388701334e-02
5.370381339463525805e-02
2.496981339035013805e-02
4.379687382976685250e-02
1.331829544636912166e-01
3.443640986476424748e-02
1.874771421336184768e-02
2.657944191622890751e-02
2.925282848747797274e-02
1.250342795922222139e-01
7.258926434994567023e-02
1.654189686409046275e-02
4.222973484898025209e-02
7.161571090632920522e-02
8.341891066610684913e-02
1.926953343891945475e-02
3.021337721877349614e-01
8.414999079505695867e-02
5.628361142551111668e-02
8.475972132229168954e-02
1.285078950227341345e-02
3.173001199343496170e-02
6.820511669229727125e-02
2.288631555229481487e-02
6.263813184667695044e-02
5.759379577007416040e-02
4.450417057409852828e-03
9.863057411362485816e-02
5.990689479630148528e-02
6.552488886279178582e-02
2.354839021169607624e-02
1.366440465619456479e-01
1.385786609416838830e-02
1.213784232564506654e-01
1.136090217842158911e-02
6.299476575530671418e-02
3.979309443280229508e-02
4.185207007767621779e-02
1.144444645964318025e-01
3.798741952324020954e-02
1.470333613526718097e-01
1.611056142791728318e-01
8.376781126788739040e-02
9.178540815440816569e-02
5.319590441747013010e-02
1.345108106308702360e-02
2.988128706802138310e-02
1.880453870571875408e-01
1.033342258860638907e-01
3.270145326250757656e-02
6.198460963194093315e-02
4.497623985043570222e-02
1.272894432153285071e-01
1.496093622343833418e-01
7.761852577378125506e-02
4.783338842620712961e-02
4.946168152430656384e-02
5.281045612063227368e-02
1.231663283120857655e-01
1.692333244986549828e-02
2.145119880842871196e-01
8.736146146115902900e-02
9.485799072794240394e-02
2.097654529777133459e-02
9.420102737709322091e-03
2.780836688893184236e-02
1.082054733358403242e-01
4.107058009923836989e-02
2.374093724650756451e-02
4.691092080228981449e-03
8.152755613181930650e-02
2.068379762768022753e-02
6.498566151633859700e-02
2.326483539290108427e-02
5.078640220005482819e-02
9.463440382080869073e-02
8.780001595034628292e-02
1.235362547916708971e-02
1.193738713569007515e-01
7.865568008039400261e-02
1.518060074793145531e-02
6.662375693102386143e-02
2.089546065629449209e-02
4.058477637024773821e-02
8.730626736998893522e-02
1.870898858964340286e-02
9.626062027079008987e-02
5.983831006196971281e-02
5.476571171475755340e-02
1.429001776815954083e-01
1.681316854896261828e-02
1.353331047096830407e-02
2.017933347778348013e-02
3.016064914614837236e-02
3.870204821065090228e-02
1.396355344561243071e-02
4.162538334796674760e-02
1.872465334976249063e-02
7.406393277144032727e-02
2.982357412443570333e-02
1.294765040150853454e-02
4.318976867008538639e-02
1.013224157890884464e-01
2.900686045525528375e-02
1.222820287894221258e-01
4.292663900466298782e-02
1.242434607215150803e-02
2.734704903988769906e-02
2.981138085264160506e-02
1.097225183990809400e-01
1.183098846891129236e-02
9.252617504964050221e-02
6.415320614925060227e-02
6.863755097964284457e-02
6.416429655637150876e-03
4.165735560479059962e-02
4.626467325058113145e-02
9.033695039229357182e-02
6.357574667899676402e-02
2.120223546683535146e-02
4.317470893246253688e-02
1.608361109457754901e-01
4.648430192423445156e-02
6.325115542781159506e-02
3.585217261451394827e-02
2.779582698612248493e-02
5.936109711445099191e-02
1.164109809854330935e-01
3.534901024092004101e-02
2.536745325328091522e-02
1.846886691694934329e-02
4.009689478917034117e-02
8.255037219960204009e-02
3.691804094709189021e-02
2.019540022724126277e-02
3.593088833649790703e-02
1.586005848858905096e-02
1.267931646249333966e-01
8.155689684371497661e-02
3.109546717644246644e-02
5.279027019206932597e-02
9.983245644934673341e-03
7.623509593281650037e-03
1.346424029667206979e-01
1.087886607794281459e-02
7.375524559972951311e-03
1.394105892111367241e-02
5.737705113032222533e-03
3.104422399311259143e-02
8.203387336562786847e-02
2.206754997946085151e-02
1.749446547957051942e-02
3.092566664538017734e-02
2.157246118128538018e-02
6.659557946513603582e-03
1.139698199525111984e-02
2.835878010018740361e-02
3.090146630341765108e-02
1.349053741506406334e-01
3.950969483997547604e-02
1.279699854884803513e-02
3.949414991000573666e-02
8.033287051750651053e-02
4.902245834529233431e-02
3.902075449558485565e-02
9.078230452630869918e-02
4.273504573436125165e-02
1.505070030118460800e-01
1.527712775386189450e-02
3.180330067064421340e-02
3.181905488334794280e-02
1.487055432411949103e-02
1.201035515171555539e-02
1.609089208019713266e-02
5.073500457449969803e-02
3.882522458569418605e-02
4.693679995661058368e-02
2.456708855066811609e-02
2.140021044064672681e-02
3.279843412018176863e-02
2.137340342734398435e-01
1.251522646982939080e-01
6.766192173777355046e-02
1.458081483329850270e-01
6.060152643938560013e-02
1.497167674364931027e-02
4.645215598715250749e-02
4.644901879569836994e-02
1.026939209179907331e-01
2.597159420291741960e-02
3.506882228303464383e-02
1.479062286334898585e-02
1.057858049774564185e-01
1.894403678839904903e-01
2.013989636503392411e-02
1.370917247134183503e-01
7.811761759518121018e-02
9.007860957637071897e-02
1.909662306428998868e-01
1.583857122149677499e-01
3.099630118301774373e-02
1.186284480684268866e-01
9.021304754641727708e-02
4.233833752738582618e-02
1.987047717022039917e-01
9.319714934584627519e-02
5.904726728002806374e-02
1.129057135958887043e-01
2.858026707972113889e-02
1.285719586666321870e-02
2.431746058962969831e-02
5.098158314767399502e-02
3.755940487855001335e-03
4.333338702336452658e-02
1.703185269638210139e-02
7.213570283703414632e-02
1.510133827541688678e-01
1.266448528319462086e-01
1.062287103426490242e-01
4.918613198636683642e-02
1.590716469402411390e-02
1.502984340854886247e-01
1.981178958167000362e-02
8.356253128449273038e-02
3.269121717613754363e-02
2.495523326738211672e-02
6.361267889282834487e-02
7.970123865486396231e-02
1.629481829646356114e-02
1.222357347184402782e-01
2.415656177420579670e-02
3.523590769914147075e-02
4.131214772938128499e-02
3.254120017102617168e-02
3.020491533883049723e-02
1.202011096367821691e-01
1.070182384743415538e-01
9.152251901643056187e-02
2.362898604702381306e-02
3.208036330115145857e-02
8.398822846157653899e-02
7.722438554610830397e-02
3.749542018641230726e-03
4.224833050755564395e-02
1.006938830607487928e-02
9.795104400753303076e-02
4.825628690217869526e-02
9.362020201426216048e-02
1.182076898416983476e-02
1.616018727662839674e-02
1.693301000583298868e-02
6.027164422954733175e-02
4.348590769831846975e-02
9.903453910486696710e-02
1.687791177753213689e-01
4.156341975378002179e-02
2.339170277452669311e-02
3.466849054952780840e-02
3.034991624973624319e-02
1.142475109049356785e-02
6.489446954413692625e-02
4.786135323668316843e-02
5.574320628700235591e-02
5.731345768749291497e-02
9.473158510136790722e-02
2.951853257352206675e-02
6.341313887627650359e-02
9.548511839987215699e-02
1.054843065536578417e-01
2.846799180689081610e-02
5.044471397033667252e-03
1.055427975318348581e-02
6.987992061732974103e-02
2.161798937003443777e-02
1.490957628114774301e-02
1.548653313791486796e-01
4.390739533938459865e-02
2.721770335727099338e-02
8.670196520629452897e-02
6.581688480606036340e-03
1.363203694337396243e-01
2.240887287848539189e-02
1.476200313059658487e-01
5.308068240756939893e-02
2.246463031813029920e-02
5.975355548571627262e-02
6.610726436085122282e-02
3.797942679023636608e-02
3.733133694182382001e-02
3.932810060757407217e-02
4.812153495899465505e-02
3.567064533509764490e-02
4.170369410694870632e-02
3.486940692269010350e-02
1.125468421994410689e-01
7.557664091193964928e-02
4.704173369690198281e-02
8.615421340449931631e-02
1.550582040854112387e-01
7.883655789004456738e-02
2.257856582281469668e-02
3.039698625304197710e-02
9.319873843473559794e-02
2.136822756933031559e-02
1.167519187037126954e-02
2.472246169119311429e-02
1.318257940347669459e-02
8.870430161493991772e-02
9.125621426392470370e-02
1.315501124768858610e-02
9.553873129215308124e-02
1.488215508791747993e-02
9.420929713375726655e-02
2.351270455750572100e-02
1.332645677898882386e-01
6.265364446204675641e-02
3.057352000683340176e-02
4.535003172849157854e-02
3.588781519564194361e-02
4.451021372413375976e-02
2.530999165399690914e-02
9.640540341546234571e-02
1.563833475913900262e-01
2.506027465890152059e-03
1.407848810698167363e-01
8.663693150657254122e-03
8.185843450754368145e-02
5.906350641175077756e-03
5.210602287594762183e-02
1.874909461815503151e-02
1.958392249760797926e-02
1.050293198297485020e-01
9.377376856205464628e-02
9.409021373162547441e-02
8.833664370191771087e-03
1.842032767711573871e-01
3.433651212958947763e-02
3.723701035893828976e-02
2.150885793618621811e-02
1.713116544439646088e-02
3.452064383731685143e-02
2.127527853520859089e-02
3.281287988412352752e-02
1.046703660200005645e-02
1.883988126228378079e-02
3.570607278366076665e-02
3.795494496524886435e-02
4.143794273713034826e-02
2.941579631660587446e-02
9.580569856982901894e-03
3.803052949563016233e-02
8.869373398053560786e-02
3.535001849868954493e-02
7.427908404198690917e-02
1.875690462592331798e-02
6.642258763780754804e-02
8.412972819124914237e-02
5.564335614345397585e-02
4.218354022702038714e-02
2.134779411573425184e-02
1.872040876864678946e-02
3.666747671196173008e-02
7.383975248288797422e-02
3.820101069410569011e-02
3.586334235502263573e-03
1.070416369355975811e-01
1.043540214662803667e-01
1.175185484049048740e-01
1.414451094089987648e-01
1.012569812636995997e-01
4.193318666474418754e-02
3.596948847641173730e-02
2.231701713737436685e-02
2.840403256559248871e-02
5.365950275957658694e-02
1.582282389900615746e-02
4.507933301499714857e-02
5.917321306192039471e-02
1.253067809263334886e-01
3.074728198987201205e-02
3.669617312375993839e-02
2.134687307942692916e-02
5.924032110239356441e-02
4.552089863184996532e-02
5.270740768304708890e-02
2.825092799482999475e-02
1.964989414012283803e-02
9.802784131659339484e-02
6.561813566036260592e-02
8.184865861417835176e-02
9.285892262941937425e-02
5.511450279897066318e-02
5.662177010949931422e-02
8.670548322274158892e-02
8.874858759408645048e-02
1.177990264293899900e-02
2.261632314871614424e-02
8.157518786340746397e-02
5.346949757767102684e-02
4.046278456938998298e-03
7.015769746428078546e-02
8.427966673036961509e-02
4.857825130471135622e-02
5.328310140058237221e-02
5.455943188955571926e-02
1.216679265791908021e-01
2.568840995712363962e-02
1.033677926621303644e-01
4.359597496636020281e-02
1.400276708842349560e-01
7.539773003851690802e-02
1.141804620641193035e-01
1.254335758990018576e-02
2.583557267486879527e-01
3.212597412324050272e-02
1.402966378709021300e-01
7.401596886599233482e-02
1.377275450997911821e-01
6.406801938407229169e-02
7.707781228373512816e-02
3.550846575662195553e-02
4.918231025286050329e-02
2.252482887664301534e-02
1.021089903360979240e-01
9.577288267957782472e-03
6.681554969846373315e-02
5.341374816911788337e-02
2.356669894812717797e-02
3.197635944779734368e-02
1.583632090469863640e-02
1.876042553548936537e-02
2.703165164849465757e-02
1.046035786964525371e-01
8.324438701892114545e-02
3.703295162338302027e-02
1.552103490369762667e-02
2.881090524910453338e-02
1.662208297450070912e-02
1.801945152971621417e-02
1.787113729867042533e-01
3.586577852939595162e-02
1.408526932575472623e-02
1.123534052337412520e-01
2.929500063519241415e-02
2.014739797113253988e-02
3.173567773835638678e-02
8.706528776806057857e-02
4.734541239075240604e-02
1.040109054504976122e-01
6.685304119918245025e-02
2.118366349311431168e-02
2.888272858486001099e-02
8.151149946931190993e-02
1.541625741473335448e-02
2.419490720395277294e-02
1.161202359104873405e-01
1.505843539611638297e-02
1.359152411552091433e-01
1.333123542115534910e-01
5.184667696157366917e-02
5.128123070764237929e-02
2.108983223301657758e-02
7.044458315327166431e-02
7.307789353191505854e-02
4.983863887537089143e-02
5.061436544372063806e-02
1.165259310344401722e-01
8.177784267657325912e-02
1.657235844821156878e-01
1.312164223371279637e-01
3.055448467563497139e-02
1.978640079279634159e-02
3.719435648411394124e-02
3.066917091339863011e-02
4.314175278867253549e-02
3.650834407764926709e-02
1.259470960321897315e-01
2.430042354096448309e-02
1.475855768432127457e-01
1.727189910161302522e-01
7.435694348291102193e-03
2.555995500434544640e-03
3.419976117317360953e-02
1.046269593640474921e-01
1.689596679374253951e-01
5.701674422881163572e-03
2.574534601537339581e-02
3.893629975405637350e-02
5.312892311405976314e-02
5.012752184060959709e-02
1.072250485341667003e-01
7.128834188485741463e-02
4.070652804303197952e-02
3.913840269227131935e-02
6.442726957016167710e-02
4.925517286586088284e-02
3.935847587649940471e-02
1.356083746088085906e-01
3.033260307585428084e-02
1.057566648621370842e-01
1.608714659405026393e-01
2.361457624572873074e-02
5.858597232219501377e-02
1.260389963628220401e-02
2.759893330449291957e-02
5.721707993596177044e-02
1.081531784983923578e-01
7.714545810286933814e-02
2.893330052566947270e-03
6.021072933164660357e-02
4.409574745347037000e-02
5.513129595661860755e-02
7.109900475510611516e-03
3.887246201106869109e-02
5.407745106971435095e-02
1.284537480135022613e-01
1.587465151175944666e-01
4.209248124561863758e-02
4.608970249382247225e-02
2.058499613602586542e-01
3.716555253827220906e-02
1.264347238557324109e-02
1.418854725972100612e-02
4.787307793392859417e-02
2.945039239864158734e-02
5.000077916636472969e-02
2.487772617479768779e-03
5.872485261397704381e-02
1.845550279815747971e-02
2.947311668185036843e-02
2.576407401723937451e-02
6.934177995023080299e-02
1.160588228368034519e-01
4.931642992243364526e-02
1.750207576133809562e-02
1.042187189198879177e-01
1.983281048047681391e-02
5.419618183089106034e-02
4.922549216669194067e-02
1.730819721253052668e-01
3.942396332489819799e-02
1.218263484415033418e-02
1.795561483759105514e-01
7.029077224772498078e-02
1.322245991540803300e-01
1.340985658967341551e-02
3.682559322682991965e-02
2.583094551469192549e-02
2.888622721298221563e-02
8.341388522333838262e-02
1.840077089437457472e-02
4.804005665020445043e-02
3.597197235941344134e-02
1.716561788084746895e-02
2.362107620953907139e-02
1.535287597250961089e-01
4.596649486505868104e-02
7.215130549303708229e-02
1.001482429616211284e-01
8.246344922464610150e-02
3.471319979238752379e-02
1.232905179589226241e-01
1.884994005746277665e-02
1.197606385578347914e-02
9.157604435433135126e-02
4.931309409204411714e-02
5.265863774639815281e-02
4.209390259834459164e-02
9.566286943426736966e-02
4.870859979794373018e-02
9.863044573934943993e-02
3.046180248692229725e-02
1.524739437493980929e-02
2.102146452888268083e-02
2.316865280354424989e-02
2.475697438461219035e-02
4.358971891999242204e-02
1.095629529165177002e-01
1.692654470322422361e-02
5.953421006064740784e-02
1.465042351495039474e-01
1.595069726844169089e-01
3.055964146006802384e-02
2.331171824011001731e-02
2.959660970773629607e-02
3.469119409312210189e-02
1.483828018916023284e-01
3.495811750734387907e-02
1.709520597509566267e-02
1.771208336625619204e-02
1.091975896043787114e-01
3.799940521785879349e-02
5.673793428134657479e-02
2.883816972659595385e-02
5.695518401293958588e-02
2.469377148754306472e-02
8.624647332613430417e-02
8.865941851736325319e-02
5.143749980492304252e-02
1.198670139535134849e-01
4.592997723693636319e-02
2.819652235963205841e-02
1.260687662055322844e-01
1.542867979437975157e-01
3.557401566080691663e-02
3.911569850380439139e-02
7.348609801338613912e-02
8.904116918740379027e-03
1.766602872572401589e-02
6.025933655789538629e-02
3.737636756735714799e-02
2.650170898761971400e-02
4.059181088388583852e-02
1.881800616598420725e-02
1.023928406195755841e-01
1.621370620863148843e-02
1.117522538391439724e-01
7.134921069302480046e-02
6.280711771956644374e-02
3.842060538007474602e-02
1.461363682930115482e-01
4.232803511481947334e-02
1.676502987148177914e-01
1.161363963078082262e-01
1.815891148439670658e-02
1.252277124222676008e-01
1.649270847205037693e-01
4.210303613591250688e-02
7.433233153079732078e-03
8.123593508586229861e-02
7.528035789915388243e-02
9.630805426200837738e-02
2.425854890245584747e-02
3.438236560906812733e-02
1.920852288090949336e-02
2.160537304797270977e-02
6.416942932502567309e-02
1.606441838961888691e-01
8.525825896381090951e-02
1.733862357801220153e-02
1.224716431909323028e-01
8.210946107621548695e-02
2.692564093857961055e-02
7.812649584854777091e-03
1.162402547100035016e-01
1.697890714174259477e-02
1.723304576796659202e-02
2.020247577022662652e-02
2.033320696241537953e-02
2.974245266090912512e-02
1.097994578561023796e-02
6.886643916085612334e-03
5.117441840434679839e-02
3.152260733997699904e-02
1.562175640854098768e-01
2.772653350772571676e-02
1.079139235490351456e-01
8.595529915411327659e-02
9.753872930826669452e-02
3.055078045596851949e-02
7.001184597071535842e-02
6.242849013547772247e-02
4.528909045718546716e-02
6.959499053226587961e-02
