4.767128873080318741e+00
3.558163008377622560e+00
1.875306258018799854e-01
1.003995276517067214e+00
5.656781173497858750e-02
3.987779199671660779e-02
4.187787902810392593e-01
2.733054831703861029e-02
7.476635332870408546e-02
4.232155380246151566e+00
1.308500774572718406e+00
1.187414025969302900e+00
2.666669009595417528e+00
1.734153480688374604e-01
2.945726664036544928e+00
8.229213329900532115e-01
8.106672331183352176e-01
1.556727944214151560e-01
5.944092744655171678e+00
1.161760974060903395e+00
4.040846578363317398e+00
8.342499673522366876e+00
3.436479269556590310e+01
2.765549331626016460e+00
6.136904753153612724e+00
3.490575525002333479e-01
5.081272557351984576e-01
6.986680983657168831e+00
3.795857222379494522e-01
2.547348213647835924e-01
1.453453181790789861e+00
1.055495854060201566e+01
4.734299252696362870e-01
9.694607677669058177e-01
1.098131770567681631e+00
3.877567593090016196e+00
7.817029148809859329e+00
6.746225224234481121e-01
1.089681900823973670e+01
6.346910360342446822e+00
3.012663272744276810e+00
4.477403413077274963e-01
3.411835451768022498e+00
7.663483459850104040e+00
2.067096614924734066e+00
9.765872704597929055e-02
5.545372635281883511e+00
7.590261759640640093e+00
6.687747777391771287e+00
7.453455964930623123e-01
1.279302880309847845e+00
6.829535327524564714e+00
4.511110207184022558e-01
7.111287411556982407e-01
5.554314305015048969e-01
6.785714341546345452e+01
2.163128091993653523e+00
1.595846865689844130e+01
1.456410102045287536e+00
2.284336502091051657e-01
2.416841675190501970e-01
9.240488151886476487e-02
4.751510765150787630e-01
2.389365627005754167e+00
2.116592047951209032e+00
3.236019913371106060e+00
5.353413044150984179e-01
1.364800399384645591e+00
4.758803108030285500e+00
5.127245741639825383e+00
4.036848136997856495e-01
1.526918052831922168e+00
6.504003927423736897e+00
4.463979719758380149e+00
1.559175946930262402e+00
1.913974662429147156e+00
8.114812766879484940e+00
2.575986249926457194e+00
5.211172960562819867e-01
6.209879932556178872e+00
1.743197962981822904e-02
8.785550956144366763e-01
1.364823909047048645e+00
9.818642062238656099e-01
4.064431008564122649e+00
5.134611825851991718e+00
2.374159260545825489e+00
5.659171051295983634e-01
2.364050396759038364e+01
4.491986733196760007e+00
3.149151261318158479e+00
4.220055350184293452e+00
4.548364009665224472e+00
3.766814022114199023e+00
3.411853014839532516e+00
4.301373236538319489e+00
5.743420669781682975e+00
2.379856660255182721e+00
8.371860750874506873e-01
3.718726609698334684e+00
2.662728157353006608e+00
4.619500627505916390e-01
9.145536002427724354e-01
4.402861010206135717e+01
4.640267500548569402e+00
1.421074062838627938e+01
1.379240640326023026e+01
1.347393764039578379e+01
4.979703833546462732e+00
4.724547178063197572e-01
6.956991542486834490e-01
3.375124245199384809e+00
4.039240172598604239e+00
2.671442779716297178e+00
1.242297996110617975e+00
2.638139195205911225e+00
8.555431852322822328e-01
2.431066779351032547e+00
1.141164297494660779e-01
1.815697626381135521e+01
1.263626831790658711e+00
7.421232403503267960e+01
3.979112430675586509e+00
9.676280144827825724e-01
5.513314473075106026e-01
4.192081746196881786e-01
1.878998212639084953e+00
3.046993727296715138e-01
5.207772000409592872e-01
6.168905443535838140e-01
1.104631790322228913e+00
2.202350909625563347e-01
9.261190323803830893e+00
1.698947258602334642e+00
2.572483085881679954e-01
4.372357706324104809e-01
8.954695830427319425e-01
5.136458619802261039e-01
5.495349618211886167e+00
2.585004843422203269e+00
3.159315001651660015e+00
4.041366701193956246e+00
4.545783259897386408e+00
5.556335990398665992e+00
1.445631081919569461e+00
2.881223298608449390e+00
6.816641161689434014e+00
1.879333983090035520e+00
9.067355580458442699e-01
4.938287785185388468e-01
6.245343582921463188e-01
6.746764086273228100e-01
2.064884220678936444e+01
5.765869064922495291e-01
1.031918530704753678e+01
3.396332830167098749e+00
1.662342227439516984e+00
4.171854693470200104e+00
5.060897412354864455e-01
1.049831419489867690e+00
3.007093614156087114e+00
3.044181283662610871e-01
2.565868101841710658e+00
5.993627806796327562e+00
1.536704161774290478e+00
5.315233426284650120e-01
5.028003092642142846e+00
6.864742591148487172e-01
1.197586282152546211e+01
3.250094625915288526e-01
4.077017927601469971e+00
6.673868798675351321e+00
2.417018790039564102e+00
3.794363028899970569e+00
1.147575897970933179e+00
3.953541180858971549e-01
2.619118836293461428e+00
5.156687206926047207e-01
1.100803783653928336e-01
4.414349073358561082e-01
1.248919588107111123e+00
1.416783823161277134e+01
7.934808180602710870e+00
2.493547054126280665e-02
6.364036091785720828e-01
1.840485041432647906e-01
1.167357541054846459e+00
1.835146902154347615e+00
1.565088456315341991e+00
7.469110723228548743e+00
8.305236473736860248e+00
8.204757027653313273e+00
1.456729885362026877e+01
7.673039859382153338e+01
4.222834812173833718e+00
4.962225684647562640e-01
1.312854993748838073e+00
2.153822100248331761e+00
3.663130885199619713e-01
1.748704857412247959e-01
2.693452232942497027e+00
1.602068197474747047e+00
1.912211836145726807e+01
2.106487481996037303e+00
2.542707010056397543e-01
1.378692409793954798e+00
2.045452442639537960e+00
1.313034672510493328e+00
1.814685249226532626e+00
4.533416893203587428e+00
6.661405519233200290e-02
2.516467932089824222e-01
1.109997971095863889e+01
6.480560799361317903e-01
1.619746892987596221e+00
1.044301255090214875e+00
6.907893288749101579e+00
2.418505290572751765e+00
3.147179958944445133e+00
2.889624019597093474e-01
1.604885821317956651e+00
6.191267421540883609e-01
2.743134942282285493e+00
3.664747629592572054e+00
1.838446132797136201e+00
3.146320950300725450e+00
9.649438699390604057e+00
4.245386501444534666e+00
5.974106993840639035e+00
7.390138231776888222e-01
1.143003815605635687e+01
4.835345226601149626e+00
5.826440222722120144e-01
2.704036939553352004e-01
4.298421652654378811e+00
3.765921109906347763e-01
9.955608472090962113e-01
9.818534198759315546e-02
2.830927262598821326e+00
1.203683175107456371e+00
9.592838632163399382e+00
8.426064367778719755e-02
1.395177358441173632e-01
1.498918588640855420e-01
3.076718923728753996e-01
2.965112059595225169e+00
3.795296402102636080e+01
1.722163127137915639e-01
5.335689814987726320e-01
2.668771540391998709e+00
2.134531834942751338e+00
6.486932923799207940e-01
5.964557567376297165e+00
1.937348792638795487e+02
4.731464873052890319e+00
1.968090813953360385e+00
1.411382005716047827e-01
1.710388232501087957e+00
3.013164892985709553e+00
5.007578461923539725e-01
8.087646478240092307e+00
5.290121627161287199e-02
8.885111288353687575e-01
2.119047694356682054e+00
1.430248375721096821e+01
4.602213963810495856e-01
3.770928357737420189e+00
8.729764626926010962e+00
4.317007546524498451e+01
7.361578640613756219e-01
8.445206567950190868e-01
2.287073052710948962e-01
2.019167238367511885e-01
5.699518987812357551e+00
9.399994684113613941e-01
8.944210601117769111e-01
1.187214538970037925e+00
2.831487272629232166e+01
6.947156831378510589e+00
1.765103812077869483e+00
2.296798228179190104e+00
2.612285781298724352e+00
3.499129107517729409e+01
4.629289188862180104e+00
6.499787135202113930e+00
1.887638269484605225e+00
3.030921157628809759e+00
1.180708119384074806e+01
2.653504934870205112e+00
4.793024871876219173e+00
2.852874222939729254e+00
2.124456869316543595e-01
5.758653685673952083e+00
2.453423022191929093e+01
2.629738444181788926e-01
1.188405738389166855e+00
4.102199731769401225e+00
9.542027743959050623e-01
9.827405878587746058e-01
5.523529233445423792e+00
7.680669866561639081e-01
1.933775384250014495e+00
6.322546232268609900e-01
6.684198686300051317e-01
1.582579558945798270e+00
1.095277438204966952e-01
5.429259272321859120e-01
7.261075379228030258e-01
3.545758928146752198e-01
1.371237639501745875e-01
4.039424398733132415e-01
4.773498243036783939e-01
7.782328110059766324e-01
4.795448689542098353e-01
6.849549425280514470e-01
6.605423630408225222e+00
1.010214479159564915e-01
1.937195193521287218e+00
4.203227024237119913e+00
1.570543562168613017e+00
3.549002927060161294e+00
1.061324804902325614e+00
1.811487516949113807e+00
1.786720834744862652e+00
3.359099585914928632e+00
1.770023790869974967e+00
9.400790975543309447e-01
4.702150319830729064e-01
1.393602290549265321e+00
5.533815858671499166e-01
8.367433111755369524e+00
2.566297045881459127e+00
9.774602368531005725e-01
1.853494423740979258e+01
3.133135032449268831e+00
1.368126696760694427e+00
1.367066300663153156e+00
9.940020455411001377e-02
1.012834329748060203e+00
1.211274507949375856e+00
3.311995664079622426e+00
8.535581864096807303e-01
1.948615668479305674e+00
1.000313943163773089e-01
7.958540911002798257e-01
2.591268828734836660e+00
1.318337929321252933e+00
1.887919937782492639e+02
1.647616923816135559e+00
6.979026220595940799e-02
1.032044074588307048e+01
4.971340697563820243e-01
9.148032290853483905e-01
1.805381467180222899e+01
2.024398826220826919e+01
3.112094883610726725e+00
4.753029773212827935e-01
4.637443913715595389e-01
4.356964809015910212e-01
4.094942966806867446e+01
1.717419068166656126e+00
2.951641728420073107e+00
1.482050321818687788e+00
1.094894236048316749e+01
1.750834826432051239e+00
9.040139198632727302e-01
5.708946318712008194e-01
2.258214571748714317e+00
5.282426259064003204e+01
1.002864575710447737e+00
3.615058175757620007e-01
8.983059097964846140e-01
6.512157578311018824e+00
3.053471275147079944e-01
3.533164901795653901e+00
3.807841554837164910e+00
8.004611340974596700e-01
2.238260586862801382e+00
6.037276600456664255e+00
6.593771367777234715e-01
5.472622839993698252e-01
1.757468765568810820e+00
9.165981447107162117e-01
6.585445509206157289e-02
3.591198620854192392e+00
9.403208985872926196e-01
5.602138351736122290e-01
2.952274389523009912e+00
1.787217070323061208e+00
9.180068087616307437e+00
3.193861352639368434e+00
1.159403501061212438e+01
1.051927355267505693e+00
7.977410817340781612e+00
1.679652694974237193e+01
5.342557346575926847e-01
4.249746070441140944e+00
9.462418337729816553e-02
6.034364284064478445e-01
3.641664374217075562e+00
2.255978102057164847e+01
3.083980438943473068e+00
1.100841606366390391e+00
7.799583778679712864e-01
1.540111560277361402e+00
1.443059925759924145e+00
5.750130291259744553e+01
6.278694522871681727e-01
6.307388578647759481e+00
2.132430081363940744e+00
7.425073320910430930e+00
5.333460465414335161e+00
5.615403396633744659e-01
5.799918502797341002e-01
3.715310879372682340e+00
3.912856076129929694e-01
8.186262784174319407e+00
2.649225390774553901e+01
3.469696825002714480e+00
1.848075354853571639e+01
1.743222565194216855e+01
2.966082400115848561e+00
6.582372252186063122e+01
1.767248666467904628e-01
6.202927931991784050e+00
2.841566576504252595e+00
5.209116915127778746e+00
1.109107601977845192e+00
1.379157549465237942e+00
4.653373089976107657e+00
2.907705150796107141e-01
9.693286688409337160e-01
4.465192019976927940e-01
1.066914420613722880e+00
2.944526485301572016e+00
1.689011488967123276e+00
3.128257038021819536e+00
1.680794081099923121e+00
9.679924845538991907e-01
2.196341667597490055e+00
1.019514503466804634e+01
5.331310265087529032e+00
5.291195237711397326e+00
1.347278266003048230e+01
1.177838276252729077e+00
5.497601858542149333e-01
2.218128613973497032e+00
2.301756244475993807e+00
2.682960561633237706e+00
1.092670195021296253e+00
4.020206359631658621e+00
4.489742579249605958e-01
6.698327258903935544e-01
6.844830545797843113e-01
1.252999437693864460e+00
3.253336699165615409e-01
2.306191291194996940e-01
2.371689537866660036e+00
6.206652433006785152e+00
1.159281725621293369e+01
1.493293584604207247e+01
1.275493789695986591e+00
1.236385832696607956e+00
1.748251804173682977e+00
3.481427870345666920e-01
4.526195651385057084e-01
5.616867652320968851e+00
8.074433076577266499e-01
3.317700889798466335e+00
2.224037229536083293e-01
1.913677020814271490e+00
1.515115553281169702e-01
2.172778664162143158e+00
2.475718621828960908e-01
1.396503665234772318e-01
1.391045351919095507e+00
4.795203238365760967e+01
2.467298757063754167e+01
3.333185814450199569e+00
6.536934609679347918e-01
1.390195497967117833e+00
1.864704722260826131e+01
2.046280679305445105e+00
1.391482444394682538e+01
6.637194968653203020e+00
1.436476137085604954e+00
4.353635929484697797e+00
3.402920223987372594e+00
1.181978425076178452e+00
3.708650889105142290e-01
6.434269521730761277e+00
1.095031241761786345e-01
6.160645282442692716e-01
2.712123830604555308e-01
5.432727185798533753e-01
2.237278864958827107e+00
2.275548953831253662e+00
1.130202854296104231e+00
1.448628968748154300e+01
9.532713564082051505e-01
1.035171721139128698e+00
1.677679606717726868e+00
3.991530320677805221e+00
4.700853826568099914e-01
1.531153520794967249e-01
1.307932817362454969e+01
1.973104571156808762e-01
5.098669814487394980e+00
2.624103314918030949e-01
2.722717853173447722e+00
8.356015176118251730e+00
2.358202481420291008e+01
1.983557385464074940e+01
1.115588569167884181e+00
3.006081139145405090e-01
1.574515187453892739e+00
5.124365199912430668e-01
1.757232976796512247e+00
1.396328243875074548e+01
2.145505623819559393e-01
8.492796422556530445e+00
6.321096436833015808e+00
5.735073077573576761e+00
7.842426958427387573e-01
1.838366978351373193e+00
7.663006781910718601e+00
2.166995915338037371e+00
7.022960200001349129e-01
2.766205383728977729e+00
9.012354037494075598e+00
3.615755687877909796e+00
1.622465216253727860e+00
4.774826804096393928e+00
1.150034295468878920e+00
7.093682093959147172e-01
5.713579081287098460e-02
1.108232795815783517e-01
3.935373594544880671e+00
7.676834661986492447e-01
4.393681849562597996e+00
4.685462368441326575e+00
4.830131856932590395e+00
2.842367387024270275e+00
1.048197825369643077e+01
5.180189887471010612e-01
3.620309951460986220e+00
6.621254142083536909e-01
6.755357702873677761e-01
6.451783044211692797e+00
3.297323068548990044e+00
2.345937811061635347e+00
8.768223842703584681e-02
1.334790876418017191e+01
7.332365697924728032e+00
1.191189571165749195e+00
9.294200912737832221e-01
2.487377742404624392e+00
3.001692825408525667e-01
1.901803865284064754e+00
2.329790426668218117e+00
8.032737115172401687e-02
4.520119710286141235e+00
2.045393086643212399e+00
3.121007608576940595e-01
1.603984488153293420e+00
1.364665633611362416e+01
6.877523884996634251e+00
6.011361561308431689e+00
6.137113675488211628e-01
8.201763899356773191e-01
3.372493579948188547e+00
2.939924436763810878e+00
1.847152423175277169e+00
8.831543857435332212e-01
1.908157083801288678e+00
2.546168433751719862e-01
6.049018500241473001e-02
2.545332357644922855e-02
7.437031300745566842e-01
7.309260928534524915e+00
3.404413681469199204e+00
2.531805234070525046e+01
1.999360994742471087e+00
5.251978363924252768e+00
3.332097638809325413e-01
3.777480233199293025e+01
1.177676427978799456e+00
8.723060909876177993e-01
1.843468114905048472e+00
1.699973350257849347e+01
8.127594678788693017e+00
9.721325312259783136e-01
1.269377626905653367e+00
6.031113009669043512e-01
2.332813665600783626e+00
6.750275442633803635e+00
1.097719332941926029e-01
1.698871541100384075e-01
2.043751898629574404e-01
4.479771834450085422e+00
7.769248537762414308e-01
2.088159543689261355e+01
3.857469436917785544e+00
5.158037377717573646e-01
1.395196843452724167e+01
1.893828849077851117e+01
1.503420721096434765e+00
7.457409945984901090e-02
1.504401183102345718e-01
1.850980205749205609e+01
1.022244459806696426e+00
1.779532399873287041e-01
2.061141151273171879e+00
1.056193974964484861e+00
8.354626164442533476e-01
2.510871372271207269e-01
2.463801071826224209e+00
1.530748959877774373e+00
1.778705732198915035e+00
9.227585151217034820e-01
1.068897912634592373e+01
2.400831795488650222e+00
3.601934185978784786e+00
1.578142262788704731e+00
8.569803543828791170e-01
1.542164624100779804e+02
2.299891493130832021e-01
9.285719284376534599e-01
1.362649595160569049e+00
1.137475937121510938e+01
1.402315038411341641e+00
5.688655830226862165e+00
5.709805501464958466e-01
1.521145573615253710e+00
1.357751540506485943e+00
1.364696936007989247e+00
1.992601603973660207e-01
8.744834466071541579e-01
9.119351866599038070e-01
1.256503901788217081e-01
3.625404064473741084e+00
2.967133039324829635e-01
1.342607928029614186e+02
5.993592583821050646e+00
1.413272930903011204e-01
7.181054073986240383e+01
9.770443902533649805e-01
5.980423485043078191e-01
2.033007438822053814e+00
2.540396073254605813e+00
5.953943565455900533e+00
1.377660520882907358e+00
8.606147418780975000e-01
7.131872512288316202e+00
9.831095597092999183e-01
1.595203889282465815e+00
7.250743178379626119e-01
2.579087779854583595e-01
6.433136038801995360e-02
1.006717711357908662e+00
1.534302529570799711e+00
7.571951531106296818e-01
4.911725406903888480e-01
2.889323436926188871e-01
3.096694310381292947e+00
5.035046649353668025e-02
1.479746913504954298e-01
7.735073762614241843e-02
2.106079876618776048e-01
9.775021100581252065e-02
1.624283368551124318e-01
4.439353749828749141e-02
1.276454524778752597e-01
1.075251833469023088e-01
1.423546393119302089e-01
7.958129626365398335e-02
6.010664032744673924e-02
5.471624581854243191e-02
3.891758522468722892e-01
2.310327392806622027e-01
5.614987986776676099e-02
1.582259797463353157e-01
3.935438271388912862e-02
2.423479051827932274e-01
4.074585788438448569e-02
2.837361567229590986e-01
7.709913601142548423e-02
4.137263989472429043e-02
1.046728214046299676e-01
5.571027288701200370e-02
5.129478079319332168e-02
2.567963671551226623e-02
1.268556001000902933e+00
3.001938506192545764e-01
6.659765048864532133e-01
6.527625752620309640e-01
4.538633428017520982e-02
1.223700395409182962e+00
5.184515035645375081e-01
4.589452912345827473e-02
5.090485731245304735e-02
7.477341716675879602e-02
5.926991012989786256e-01
3.356124407673766186e-02
8.085542792934706513e-02
5.602981192088173357e-01
2.779111012150577764e+00
8.305407140438091362e-01
6.640523637330941753e-01
1.252401950840552891e-01
5.542836391073551194e-01
9.369775964834810289e-02
3.791891218058210389e-02
1.438316166223399806e-01
4.669011031522556782e-02
1.205902189231341071e+00
4.223262466909648016e-01
9.949968606255873982e-02
6.146393170009861739e-01
1.283816490062059668e-01
4.620799019739743607e-01
7.448370667388252986e-02
5.416252389216334728e-02
1.142477753971886806e-01
6.052357084993506553e-02
3.800269399832968964e-01
7.590964889543573291e-01
1.370537039910673771e+00
6.409390458281516434e-01
7.940207430089310514e-02
7.420813863019940504e-01
2.165136818047420919e-01
5.563262216171646068e-01
9.691694368488725786e-01
1.558663554266696005e+00
1.960967981944074512e-01
3.384165513155885097e-01
4.302400055933840450e-01
1.868529833685790842e-01
3.409840452705559799e-01
6.392420958723774027e-02
5.323653052263804114e-02
6.873228700366722232e-02
7.645264088578293538e-02
8.317734787235131488e-02
7.156434400743533208e-02
3.323462611260750293e-02
1.234743693657397001e+00
6.639845662758932232e-02
6.842699257351612940e-02
2.793078671142042169e-02
9.517359296798015567e-02
6.431488428256307843e-01
7.559902819698344212e-02
9.517336241787939521e-02
1.791368947756333263e-02
6.043204445826063503e-02
4.733126803156684215e-02
1.848098062363142946e-01
1.318630799036276890e+00
9.173404879237768983e-02
1.567196054796409499e-01
2.319976242846131798e-01
4.032399584609741794e+00
2.014592306612759121e+00
4.503133994368419685e-02
2.180396524600593522e-01
3.386637835022816012e-01
9.139631710747657400e-02
1.315896583000998599e-01
1.660204955111672653e-01
2.241679217415986358e-01
5.094369820370218266e-02
3.619859804850085461e-02
8.026894003765434604e-01
6.039500128603849521e-02
4.555625400051304535e-02
3.234606940863082869e-01
3.628116604181908511e-01
4.823821604136105945e-01
3.966094688988976991e-01
7.062952250614185079e-02
5.102230200933463578e-02
6.058793386415183002e-02
3.024100167158258815e-02
4.306941037657022187e-01
1.321972683266098014e-01
1.529565692991460002e-01
5.282500096645130483e-02
5.661067516770065255e-01
1.584878667319362389e-01
4.633183192343832135e-01
5.301784145567801643e-01
5.005060736750464867e-02
1.506237413375051126e-01
1.394291641435944362e-01
6.698289686366767359e-01
1.434159944204408677e-01
7.099002700252453335e-02
1.067207562854845526e-01
8.016773534510686361e-02
2.444860177770247223e-02
4.809687067844004016e-01
6.065534895366127000e-01
8.226538513668713026e-02
1.040557355694646663e-01
1.876644174319121172e-01
5.296429697070773740e-02
5.165700131218859542e-02
5.346607547907293589e-02
2.599140780329262657e-01
3.334915838749434314e-01
1.534687820280460802e+00
6.266119245277791683e-02
1.409146087321277441e-01
2.118929619262860942e-01
7.073534516002222272e-02
3.580768827331766158e-01
3.393860690892038651e-02
3.019646628245241660e-01
2.399151790803819712e-02
5.696775961236864028e-01
9.119209083134523219e-02
1.135597875039623950e-01
1.900666948681065810e-02
3.532707312942036382e-02
3.355597313877958093e-02
3.286029809278095404e-01
7.133412950945518249e-02
9.351234689117118859e-02
1.271118894312171843e+00
1.640037187282306352e-01
1.213838335027776494e-01
3.721116762283366991e-02
4.491244373359056796e-01
2.240136439632810506e-01
5.135798491998724152e-02
1.000431582752088072e-01
7.523057534023448734e-02
5.243301772079593526e-02
1.383492417573989108e+00
7.673353463875516312e-01
2.975822210828461545e-01
5.600817658632147866e-01
8.138062772687307822e-01
6.866595812268514454e-01
3.202273034339399693e+00
6.700431630202692279e-01
4.995573325491196176e-02
1.105833810740673717e-01
7.731456303323903934e-02
1.661528091644382255e-01
5.392945432688430601e-02
1.554707550833250573e-01
7.736132137243313667e-02
7.947932921578192145e-02
2.947889019307901592e-01
2.617203057484357442e-01
5.881190103813660475e-02
4.985651853696218549e-01
9.410370626745785672e-02
8.792337290664033189e-02
8.498365168961745375e-02
3.730624741358826157e-01
1.180835504764866373e-01
2.734180345437522974e-02
1.091434704828793789e+00
5.753236090926561880e-02
3.264905870573039937e-01
3.849408124952006377e-02
8.071873805648097089e-02
6.058300301425331713e-02
4.154282705102912282e-02
1.368894973838029328e-01
8.604961650979345289e-02
8.031082856218854649e-02
4.021718387836885344e-02
1.162104362476872321e-01
6.732835169122979024e-02
9.084762155441353237e-02
5.597383384057896816e-01
2.526325964066493748e-02
8.987746931042457643e-02
3.440312572173395145e-01
7.793211326498249159e-02
5.232611821042362776e-02
9.565916775141307393e-02
1.894369160315146627e-01
4.926389798108357088e-01
7.697329510430825361e-02
2.248010649892874802e-01
6.951277907421665736e-02
6.875870033444865526e-02
1.902081233615961209e-01
1.224236651809789134e-01
5.861832049354385177e-01
9.684616309756182151e-01
5.045202677759357685e-02
3.128288824444174776e-01
4.531884397413081245e-01
7.224094595639055649e-01
7.749191336401659580e-01
2.471160611855242883e-01
3.334360397949813759e-01
1.159546041845013614e-01
1.344731654461989168e-01
7.972214178733344481e-02
7.389349800376721067e-02
1.056257909842439391e+00
1.445889711591794580e-01
6.358330463733630200e-02
2.469347049883081624e-01
1.324495071691592918e-01
2.396857856030183975e-01
5.506574667884243102e-01
4.621483008206123122e-01
1.940045421604423614e+00
7.678463203670478077e-01
7.650510844226763307e-01
2.047385645023091227e-01
4.817728063800591487e-02
4.928457282572273196e-02
1.984002177934114097e-01
1.945454010059451067e+00
1.004831354533062271e-01
4.318552561552370384e-02
5.453953571617887741e-01
1.051176281569673743e-01
1.496419362855978819e-01
1.802996195729855700e-01
6.853739371032285810e-01
9.665359143340863934e-02
9.361319249014357635e-02
8.399108014345045559e-02
7.361657782887688628e-02
1.082136828375722531e-01
9.903820148250451483e-02
8.743273791005404250e-02
1.003415902219745082e+00
1.265662855095568973e-01
8.070332767206479518e-01
6.756960642416953711e-01
5.741124518423579987e-02
8.487576706563877693e-02
1.841519997925724073e-01
4.956189352397610132e-02
5.847005541512835525e-02
4.468425596624041596e-01
4.611124281203929365e-02
2.010752010318982153e-01
3.002336199809255701e-01
2.921896501054346493e-02
5.655052706239946381e-02
3.143616668282097071e-01
3.285049895782673479e-01
9.189488916828963960e-02
5.119547917772995088e-02
9.696340757167207225e-02
5.552762547175003199e-02
5.368714974355840580e-02
4.733297348619932426e-02
8.229721543487615587e-02
1.459063517918634867e+00
5.579072929624634414e-02
7.053948167734878927e-02
8.912401091441154444e-01
1.622969488074653965e-01
7.709931906763471676e-02
5.102426982009833356e-02
1.835437204015011037e-01
5.496818533548377683e-01
2.996705709331606848e-01
2.424013959681120545e-01
1.110545097221220662e-01
2.853910688428287212e-01
1.696505106113565392e-02
2.263774749395871755e+00
4.759496356558828856e-01
2.461547260535604520e-01
7.009351080469010398e-02
6.007021022134540617e-02
1.451832282840799238e-01
8.117225465764833503e-01
1.393785205850023856e-01
4.775120770760508948e-02
1.524076490299243414e+00
9.604047367001166124e-01
6.255374310368111423e-01
2.722926932642873332e+00
3.477547834072099997e-01
5.346395093865918824e-01
4.840134230044376706e-02
4.543732083187129039e-02
1.971445790737454962e-01
4.456055179101121588e-01
5.630746416573876312e-01
4.075708091028944935e+00
1.124827588198264783e+00
2.027495396945925954e+00
3.031042648838612852e+00
1.211745334619617154e+01
4.137877778705852272e+00
1.006059362563925808e+00
2.625884075200015655e-01
1.125605766378924066e+00
6.166872230840392266e-02
3.566532224118833527e-01
8.140631096866025596e-01
4.840796442053270365e-02
3.061579864977677801e+01
9.652887906148590602e-01
5.773632494879783750e-02
1.122019235878136956e-01
2.029422204222664228e-01
3.857443645542500410e-01
8.271314101770482763e-02
2.339516180346516705e-01
4.808172840719004970e-02
1.015260935857875690e-01
3.148575675178809652e-01
6.688262689923168969e-02
2.205938823211677988e-02
2.526085374921571702e-01
2.535057860454217327e-01
8.211768144674057301e-02
2.875067336973360810e+00
4.223396819232591581e-02
2.081899301309984851e-01
4.807286513980072451e-01
8.858469767601716283e-02
4.042133366568048114e-01
1.063085308675476987e-01
2.709721693734391534e-01
3.731768361217636110e-01
5.164393428278025722e-01
6.791640212781055452e-02
7.879318377551564057e-02
6.709458127211551104e-02
3.536246100708992368e-01
5.149726892234927217e-02
7.100692680114089050e-01
1.272180000626350060e-01
3.658524933796089562e-02
7.608421562737842370e-02
4.425588256325633379e-02
9.978294192453673883e-02
6.123206703691457670e-02
4.563539218636536443e-02
4.929539669974775107e-02
2.057472975606420562e-01
4.544903309145056913e-01
3.537496047412428402e-01
4.148677310674219187e-01
8.742133324154728324e-01
8.555404277794488588e-02
9.750142764602343082e-02
4.443843510381098594e-02
8.160377417055024452e-02
1.037684532812621185e+01
7.955478533230853078e-02
1.308686626508896444e-01
2.363874475740983527e-01
3.536431104877172382e-01
1.135376656096986625e-01
4.807407484756764937e-01
3.653738143764554552e-02
4.501923351864401540e-02
1.207394105747885416e+00
2.863877280345857868e-01
4.803039617258028082e-01
9.455430884193545549e-02
7.731720016533764894e-02
2.157415629879988195e-01
1.479863447359016648e-01
3.707381618558343583e-01
3.140855842879795162e-02
1.144740848109528475e+00
4.190172034418445657e-01
5.643874274685068970e-01
5.109110262098864874e-01
4.262485627987278730e-02
9.392281889817576113e-02
1.873701206566914523e-01
1.210485137749498924e-01
5.470123801902068150e-01
2.046200200659248902e-01
4.776976976457768254e-02
5.641750938402781967e-01
9.739452903641918069e-02
7.942159078320928378e-01
3.131374458666453808e-01
5.294743831442176585e-02
9.455818258658726938e-02
3.947026712208356325e-01
1.238890263434541950e-01
1.090468178093278867e-01
3.660912757031381526e-01
4.126941273535447152e-01
1.123708014001128852e+00
5.833951726396312265e-02
1.703829409866618183e-01
6.781350447622205291e-01
4.854437856436109866e-02
4.108729443547463195e-02
1.617423631095898651e-01
6.160876873231423412e-01
2.977034896521109086e-01
6.403615017990915703e-02
8.357761638953926930e-02
1.001241049891412604e-01
5.150381467936364366e-02
9.915577166317833535e-02
4.134038371137566670e-01
6.880303503353503436e-02
2.072768578623559177e-01
6.213383726065770107e-02
1.112342482348251810e-01
1.383823550206928932e+00
5.025115055370521500e-01
2.089507984736308777e-01
7.232239651400636238e-02
1.458555269847926217e-01
3.120707746463724508e-02
6.305348896309018181e-02
1.769561272983596112e+00
1.005486395612095407e+00
5.521274631863853921e-01
3.243632457406551151e-01
7.960325780978604049e-02
6.034797846456577686e-01
1.598487091458805978e-02
1.116228246807279972e-01
3.530021378886046696e-02
5.655887561483367160e-02
4.398728656476277865e-02
5.320441809085223184e-02
1.938680682635834929e-02
8.036067900511562057e-02
5.519407091128498283e-02
4.833034326921162860e-01
3.951673888998635115e-02
4.136196563623033978e-02
9.403180834784206910e-02
3.033824916032219765e-02
3.927661528642831246e-02
8.252563250542741535e-01
5.301257658969106557e-02
7.360359961200400869e-02
1.097481911159279427e-01
6.041019076201607080e-02
1.794896552925838995e-01
3.968456465372141029e-01
2.626529632325058650e-01
2.807457325651871449e-01
1.270448050716944388e-01
4.565783437949718637e-01
4.777262660304473774e-02
8.861923698234464020e-02
6.429072468580832034e-01
1.277380779523365151e+00
7.389512993947058295e-01
9.511269950021747355e-02
1.074200772767022749e-01
1.810283247250854322e+00
1.523645783368298423e-01
4.629022938211722199e-02
5.655499787268590817e-01
6.296337936676219549e-01
6.746659971065256667e-02
1.119501308785075533e-01
1.201085740619042413e-01
8.873593123726070120e-01
3.648484599089940050e-01
2.061328522650701378e-01
1.383889046371683307e+00
1.348337135398886888e+00
2.583504612607852302e-02
4.466620211286337350e-01
5.418854178588945053e-02
4.324269141523715693e-02
2.183699511155058615e-01
5.255930456376853299e-02
2.205744179602124044e-01
4.007839333685722649e-01
3.429240617132356395e-01
2.685258303933874546e-01
4.601236107492423510e-02
4.985982692155069285e-02
3.891195535308890618e-01
5.914333349118476579e-02
6.528604967989749819e-02
5.635625995705095814e-01
6.313978217769234957e-01
6.379264036535872151e-01
5.864048450359357068e-01
7.459666301706056879e-02
1.142577137176286728e+00
4.250846986416739748e-01
2.728399715665308367e-01
7.221399284507825644e-01
8.176754334734948060e-01
1.090374078496678251e-01
2.254431068898704316e-01
1.018182733508585652e-01
2.926016295571748013e-02
4.587650852487819286e-02
5.736400049693317627e-01
6.482575554258560024e-02
7.789601802613201065e-02
9.464852540517057489e-02
1.002036713248332794e-01
3.388979009619567107e-01
2.136829666002932060e-01
1.244830250277516592e+00
1.050226595800819590e-01
8.376615297677948713e-02
5.189157969193233105e-02
4.674465266621170845e-02
3.590922717640789297e-01
8.243103659170734065e-01
1.915414250088050663e+00
6.159564316769096382e-02
3.935721857636947235e-02
7.081091999435096263e-02
4.811067820429514863e-01
5.610576209613033632e-02
6.077989888374417393e-02
8.758545923014726675e-02
9.908346822178334956e-02
7.510124821619905688e-01
6.457634617418417378e-01
1.784329119366540595e-01
5.163714046052141765e-02
5.122545631229579594e-02
2.333532744925498337e-01
4.334678919973468103e-01
2.301982822281202767e-01
8.668479235107463821e-02
1.224063262873632096e+00
6.638574397809542116e-02
8.268625646562334508e-02
5.872310197541053683e-02
5.917170153144590827e-02
9.817289680356314219e-02
6.791251885241582353e-02
8.735460428782032549e-02
1.596742159291723862e-01
2.313842810257335514e-01
7.137743896347649442e-02
5.032160718800475496e-02
6.292441503192836016e-01
1.306988602292209201e-01
5.066061935409121864e-01
3.980288868456322016e-01
4.630717418795813473e-02
1.614622049471065857e-01
4.330070771206128710e-01
4.914029880101173503e-02
2.956885978398686166e-01
2.150102034981405674e-01
5.257466577793494522e-02
4.096974883903278103e-02
8.215048385604957482e-02
8.020541377869495892e-02
5.114974931478966091e-01
1.613896478738139073e-01
4.136754284206766719e-01
6.091336221825553038e-02
7.762534797002958176e-02
1.816303682826482468e+00
6.512837991240593150e-01
5.607198994829462602e-02
7.949902208691182748e-02
1.129388930655973455e-01
1.500808458873815476e-01
2.626798007490701581e-01
4.476197392331116021e-01
7.019133479514313989e-02
5.495981151019563998e-02
1.003554603562619163e-01
5.208457908615776039e-02
2.475729500101494784e-01
4.810063204815648308e-02
5.476640201380161832e-02
1.469483400732874423e-01
3.383975682087396186e-01
1.592313226022603889e-01
3.963620437584419037e-02
3.829358044946944428e-01
4.755466226768334526e-02
3.247798514192307834e-02
1.631358591038593042e+00
1.766418250726445316e-01
3.552859719854684073e-01
3.125583017411742714e-02
5.167102354752253213e-01
1.925780564811666040e-01
1.324981594826606823e+00
1.033251499771682180e+00
2.160246456902685519e-01
8.454417638177190442e-02
4.384877290103238873e-02
1.314208620116265325e-01
3.028368070219956618e-02
1.242465815203914303e+00
6.290477703941331766e-01
3.923007044916053676e-01
1.363778802709905980e-01
2.031672463750724411e-01
1.104033455911405531e-01
7.517446359675827861e-02
1.770028729545573831e-01
1.281351697024757930e-01
3.156451893049986301e-01
2.541692753396797011e-01
4.020955984151546869e-01
2.658010581104977565e-01
3.733131007021513875e-02
1.104561837261761048e-01
4.429550557251898946e-02
3.629996807995538449e-02
2.463370469725504608e-01
6.979892336350282944e-01
1.170004794057113218e+00
4.461231780256654789e-01
1.060162046615539672e-01
1.092535908188185523e-01
1.973064391951953600e-02
5.008758793720847341e-02
1.785291887450339843e-01
3.613296419855614033e-02
4.375638921136953408e-01
3.416496208762732217e-02
6.224182164813549939e-02
2.848530044216441778e-02
3.412329773011470446e-01
3.206382763381747103e-01
4.914821641521980866e-01
2.068225434267324525e-01
2.990433140098641349e-02
3.804625011318195360e-02
4.849395417805317521e-02
5.626059969784841241e-01
4.252798360073546946e-01
4.830449447753579761e-01
4.496022810332585551e-01
5.215852191377680080e-01
4.873568432880119872e-01
1.193127238188688155e-01
3.106542558762679374e-01
3.999641576663238718e-01
2.878821216604678102e-02
5.492313285873391682e-02
2.866012732672590380e-01
4.203593980964406285e-01
3.758095220316190477e-01
5.750577184861790925e-02
6.599847613284449965e-02
5.975205650691211012e-01
1.408343497849780523e-01
3.251692470041669392e-01
5.077149223624007057e-02
2.120950601809849179e+00
7.569336204330621987e-02
1.733037150297320472e-01
4.321039759349122600e-02
8.443416601961144519e-01
4.870031446724557705e-02
4.921589042959517712e-02
5.009415553216247652e-01
3.851322606708886265e-01
4.960347128674181261e-01
7.263873075966836845e-02
8.742338103869151666e-02
7.539942624259721171e-02
1.175252759953963749e-01
4.256811869263329301e-02
5.438815940350221617e-02
1.091214077422260065e+00
6.502644566689909367e-02
4.788695769341272390e-01
5.346321664542880159e-01
2.856735245761914399e-01
6.054020681128828851e-01
8.842826117578234113e-02
2.704286967218731963e-01
7.037513507523339429e-02
3.587184748468273954e-01
4.587989383172554336e-01
8.309290548311937252e-02
7.735204998129930898e-01
1.492355967244356263e+00
8.252165857983081998e-02
1.530568180741388229e+00
8.836624122108986679e-02
2.059257663492504165e-01
3.340727825483490454e-01
1.325661809897157539e+00
8.434643429234979506e-02
1.057467054255004368e-01
6.065914858237266005e-02
7.299160314924367787e-01
2.859428676277018036e-02
1.137478400277590174e+00
1.449036057764503949e-01
7.010430465761187391e-02
3.252057571139130854e-01
6.511081798432656609e-02
3.275909021089843387e-01
7.279521352149627422e-02
6.420823665797099622e-01
1.334985995035269934e-01
1.586033377058914950e-01
5.339951292418587681e-01
2.283401205873872852e-01
9.980845128436661995e-02
5.461767931248853736e-02
2.029962737166582931e-01
9.824719209157151134e-02
3.951887552213700361e-01
1.579156195256065376e-01
6.289869806023837828e-01
1.273881724320107711e+00
2.409971903545370109e-01
2.472516413567783788e-02
2.317493756854390463e-01
4.029106615271363379e-02
1.444067135577120908e-01
1.089518701821614172e-01
6.923129250615129848e-01
4.393047773494566238e-02
1.258095982937193213e-01
5.686466654418155242e-01
1.085706402398804865e-01
4.082707662031560825e-02
4.020227674783728444e-01
1.045694910104849051e-01
1.343787032554174843e+01
3.710417603565731248e+00
1.342251442349278401e+00
4.600364179228531580e-01
1.169157720488003704e+00
3.361412167278393648e-01
9.433458178420976725e-02
4.963943210187287541e-02
1.482196381824507081e-01
3.111350178694280780e-02
8.957898818275975006e-02
1.095043096993736809e+00
2.237926947834686930e-01
4.159859048169382845e-02
1.122372908127965419e+00
4.441468214205795961e-02
1.358045814867461232e-01
2.097482794148189111e-01
6.023869678859915949e-02
4.458585676836563372e-01
3.759954619088243244e-02
3.628037985756069755e-02
5.011397003559709962e-01
1.983881857534619542e-01
1.006181423334445157e-01
5.408910198881583531e-01
5.428811563225580672e-01
3.303057637915485234e-02
1.887311658492521194e-01
7.629301004519793705e-02
1.077905301827703222e-01
2.039874242826804351e-01
1.464611498603788142e+00
2.652525500874717418e-02
3.323333992786220992e-01
8.004578800655443027e-02
4.920908830728158989e-01
1.308861631893094790e+00
1.101769339754104067e+02
3.281693371337816245e+00
6.381272389377876109e-02
1.335728452391174548e+00
1.723343109088898206e+00
3.554581905879475645e+00
8.923318621604954259e-01
3.858079866762511578e-01
6.208863857079727211e-02
1.622574840976242827e+00
3.436348994228391462e-01
1.028464391521355242e-01
9.345216329956589352e-01
1.679507552744421428e+00
2.944362785036970798e-01
1.637487892289391622e+00
4.764371343122869029e-01
1.454631898647938293e+00
3.059652944337442282e+00
5.356309540712973077e-02
2.069263838975387085e-02
6.008978794601414070e-02
1.583605226926828036e-01
5.659925682193170937e-01
2.236168118621047751e-01
8.711187397161752888e-02
2.282001560929201478e+00
6.434290867790432245e+00
1.079559489939428518e+00
6.153177437911672598e+01
1.484042783970955792e+00
7.733603959122673643e+01
2.387694357795248745e+00
6.992129257983195068e-01
1.897672702994483762e+00
1.832199620071131574e-01
4.368585184560630275e+00
1.182243306239417313e+00
2.275695388103119221e+00
3.496003427138204278e-02
5.744213534769898599e-01
1.099073867942197635e+00
6.620092288204747211e-02
8.504082184978649650e+00
3.711175252281156967e-01
3.685669149488305513e-02
2.073837764104794257e+00
2.493961758612257273e-01
5.346390720641649885e+00
4.854867515631187125e-01
2.177380716196807953e+00
7.489456188304328244e+00
3.149828380852338849e+00
1.062066567519775440e+01
2.832766504974258304e+00
3.875120555222815710e+01
1.504281447865465138e+00
4.779534325766900515e+00
1.220408090777821142e-01
3.306600914205884312e+00
1.541383376115266768e-01
1.252414161052063157e+00
2.768788399918569709e+01
5.753812306492422229e-02
4.778933659714161286e-01
1.943081049874234356e+00
4.761039597884760610e+00
3.749496545522360780e+00
1.699649700026041543e+00
7.316411337336955256e+00
2.470888936369344813e-01
1.054970912962432728e+01
3.853914713586086283e+00
1.230287309936963780e+00
4.480589117535171279e-02
5.559147909310497848e-01
3.466331615131437172e-01
7.897354964382007347e-01
1.751660067981582747e-01
4.030222143602390616e+00
6.462265275327102820e+00
1.070651661959604706e+00
3.835443901736553807e-01
1.176118320468446110e-01
4.032288051226544656e-01
1.522986077758744283e+00
1.272396693329554296e+00
1.216564451818078707e+00
4.975935877097558091e+01
4.368392684315486996e+00
3.013220483170859221e-01
1.081401747353729403e+00
7.694013471197572729e-01
4.730288318008902260e-01
3.434797973062016507e-01
4.453324749275685557e-01
5.577909544603799202e-02
4.201110104102314224e+00
9.626722000491614750e+00
9.967763280474014609e-01
3.973212643088823437e-02
1.317917542295933719e+00
8.415464767142094571e-01
3.601219849222588865e-01
1.180583605941244674e+00
1.867082179132302455e+00
4.709730554880499653e+01
1.817174138997304400e+00
2.128730593674722282e+00
2.700689860414552967e+01
1.238548308261971043e+00
9.353666370783753070e-01
1.727680768051441385e-01
2.620712006537508909e+00
5.688418415067336475e+00
1.098188696206165771e+00
3.624832332162155057e-01
3.610689831151282281e+00
1.160761719321797392e+00
4.923562485840298625e-02
4.573025033447364884e-01
3.294115818635966519e+01
7.010010031861139967e-02
3.116068550500022960e-01
4.808897159643927832e-01
2.868710062166652808e-01
8.591112209093241248e-01
3.946249713861627040e-01
4.074839355873792535e+00
1.118842160993010593e+00
5.234791141190830999e+00
1.271756768088885003e+01
2.479940622126604044e+00
6.730309224105251786e+00
2.129384820052503180e+00
2.317804236429086018e+01
2.047660882497237822e-01
1.679701254517053144e+01
7.688552556608575506e-01
9.439674992345212790e-01
5.511688110244848948e-01
2.373063582438713071e-01
5.768096919660218452e-02
1.794650243331978201e+00
8.820167609072528947e+00
3.167875367688622212e+00
1.129357487550170625e+00
9.978592976156726024e-01
2.244196048321934756e-01
2.383097284561197168e-02
4.377270420350394819e-01
6.490179930968235922e-02
1.166659305887692566e-01
6.174916441533702116e-01
5.133748716162472858e-01
6.547004918895484027e-02
2.615496599719469364e-02
3.332392096589055219e-01
5.824554170968325451e-02
2.663583450994851720e+00
5.758550428181404612e+01
2.879972509079173348e-01
3.863206196281264160e-01
5.646644436150636714e+00
2.615988057061111149e+00
9.173565270521260473e+00
1.174463052772661387e+00
5.659581602091877661e-01
1.702394143713826524e-01
1.474832761941195169e+00
6.488321001655321663e-01
1.488937208071982932e+00
6.123566708249819635e-02
1.231582766029904796e+00
5.652114725075209067e-01
3.028316859921110771e-01
1.258369186175779531e+00
3.207899567017481690e+00
7.928664330130534843e-01
6.805749560779739138e-01
5.470984948216723431e+00
1.289608265317104374e+00
9.004827173848819477e-01
9.097893556597186349e-01
5.377544392433578624e-01
1.421285870031414822e+00
3.364668545640122410e+00
1.431970196923201821e-01
4.312005754628741805e+00
8.502412298008923397e-01
2.136683589170741138e-01
8.150666991969153230e+00
9.652094138473970020e+00
1.203438162016693957e-01
4.727874554829361919e+00
4.372229915388245125e+00
1.387237892895554214e-01
1.115485048806906521e-01
2.640679017248945382e+00
8.036372574559528248e-01
4.000442793007935594e-02
2.543616503313980814e+00
5.127806081039380792e-02
1.553933875036031531e-01
1.579684568274863921e+01
1.036891036489746565e+00
1.683981214483293021e-01
7.907519844831432110e-01
8.190221799132760827e-01
3.281378940721532134e-01
1.903528363529795087e+01
6.066181195138242721e-01
2.413889592116811311e+00
5.497233150615459252e-01
2.846178066921423611e+00
5.543417729794321291e-02
3.853218970067199489e+00
1.111274312005503528e-01
5.013415641457302785e-01
4.462908976160503971e-01
2.355616833999182980e+00
1.236880151515988180e+00
1.789646167657629405e+00
1.412084160124622789e+00
8.928882110665377070e+00
3.928256892011444679e-01
8.382603599543232420e+00
5.345911953529609573e-01
2.341188818197237342e+00
2.251661217558340056e+01
3.543296119759189899e+00
1.023936199993335183e+00
5.278185189094733443e-02
1.056190447358593243e+00
3.012960592311392460e+00
6.123236413089287039e-02
1.590621332186822734e+01
5.420920320837230300e-01
1.541928189388573234e+00
4.624952184851306924e+01
4.577061657164557817e-01
3.879764261361846878e-02
3.760465927928523744e+00
2.840454263539601953e+00
1.534147375268180458e+00
9.144477529836319007e-01
1.921710432244385869e+00
5.663166577328915263e-01
1.934878531965137327e+01
2.962263836266112094e+01
2.397415029861478697e+00
6.715850594042562793e-01
4.214779167980997610e-01
1.669070287029465049e+01
1.562230377050872931e+01
7.276583581085832364e+00
1.144062080682421723e+01
3.086654388038357677e+00
4.371859884617805836e-01
8.559577934395098398e-01
8.826826792609671068e-02
4.024413486846227350e+00
2.941057859850071310e+01
1.138253274824215566e+00
3.579567594360992366e+00
1.421021597814976056e+00
2.803116665594751034e+00
3.072327340176615462e-01
4.060235760775561253e+00
8.145518805424747377e-01
4.315837779548977515e+00
6.353488916935490227e-01
5.991525154707950662e+01
1.472575897981615611e+01
2.829034891271415386e+00
7.849352307770527393e-01
1.211141190353124841e+01
2.687934886022476988e+00
3.031621630149102242e-01
2.244461658409822036e+00
2.933297782302796808e+00
2.735898491171265823e-01
1.653979817531511021e+00
4.301484216767790691e+00
3.052820886292581873e-02
2.515666374262860994e-01
8.675199841423393288e-01
1.509256496576035111e+00
2.201116035889583156e+00
2.080019704882545284e+00
3.580412407915731232e-01
7.415216468420653129e-02
4.411134259209929798e-02
1.969209629258632432e+01
6.414238658154557626e+00
7.681996987814618816e-01
2.669659849499826265e+00
2.475995399985396472e-02
1.793068287207711498e+00
1.722518845093764739e+01
1.033201293062190745e-01
4.199858154642933661e-01
7.857095911225018270e+00
2.510650058436960513e-02
2.312417611147104257e-01
1.203911639399830591e+00
2.984539136915160262e-01
6.137655885593337746e-02
1.597149667287246222e-01
7.906555347806687450e-01
3.473548423636692306e-02
8.927367868393702721e-02
4.393687864197497106e+01
9.836384578792084499e-02
1.090781970072140172e+00
3.921927928457825896e+00
1.644709167889954671e+01
4.796258511697031324e+00
3.269584563924210929e+00
8.118480999408897447e-02
4.190461019657674285e-02
3.678325439651760576e+01
1.848884367400335904e+00
2.898011437015167058e+00
3.834981094640519395e+00
3.063781616414053971e-02
6.806165836555704285e-01
9.000290180192875411e+00
9.524144379987242726e-01
6.084541776371571231e+00
6.254688520391177065e+00
5.009239685927805441e-01
3.695472974010876599e-01
3.310643651104752117e+00
4.729785450235490241e-01
4.699876004835994853e-02
1.220564219628234470e+00
4.163219745247765502e+00
1.188375234372721856e+00
2.088203946133551092e-01
7.675495362704113367e-01
8.321994817838866965e+00
2.756489417795228380e+00
1.627958416431976829e+01
1.618548386819903984e+00
3.656233947988657196e+00
2.150267723466800760e+02
1.015572056221701125e+01
2.104371113976875485e+00
4.401755055667831706e-02
2.647970134718417246e+00
3.907029753223814073e+00
3.279242101718662233e-02
1.652950099742114265e+00
6.807562700613184470e-02
1.033266830706485728e-01
8.331223582364902791e-01
3.097607060921016675e+00
1.395980476594412378e+00
4.226362628178891967e+00
2.315185873296441432e-01
2.413713600818766514e-01
8.751954066792670961e-01
4.826850578015817045e-02
1.108947811879029466e+00
6.257256917775574356e-01
8.289951544575156817e+00
6.439787282930169443e-01
7.724926618185342653e-01
2.348597317977862531e+00
1.166216158123099644e+00
1.397660146131130210e+00
1.544583316672981377e-01
1.806027065112982832e-01
4.939991298482236393e-01
2.768598764004470247e+00
4.545374360282872672e+00
2.035515710980667914e-01
3.146960587418206057e+00
7.553817483572028424e-02
6.284024393999346203e-02
6.013260847727478486e-01
5.733125747930712945e-01
4.565522049883187494e-02
2.912815898717770580e+00
7.182982755975124423e-02
1.946941858700369288e+00
4.039549534635404338e-01
4.277969716557445068e+00
9.150484698552108220e-01
2.640412659260889860e+00
2.082851073757677796e+01
7.402830034249006097e-01
4.871850036753864327e-02
1.554881955251889547e+00
8.042703923133495136e-01
2.659245256836246241e-01
3.090508880757136811e-02
2.921756243814579879e+00
1.807736053962235578e+00
4.039473363049763677e+00
4.842853479652123316e-01
5.432813439345572926e-01
9.804937105787283613e-01
9.528181118776408998e-02
1.972558931840679153e-01
5.785636371165193692e-01
7.636998797421822027e-02
2.148116618749979501e-01
1.516345915100299757e-01
6.712510216202012714e+01
1.700626960482232608e+00
4.631491310400187800e+00
4.182300390453745464e+00
3.827920338430645053e+00
3.242436054463785355e-01
1.082163258160548036e+00
6.851515082584472283e-02
2.903121640011811166e+00
4.941821069623786866e-01
6.188609736743036827e+00
9.098095445161293870e-01
1.417077755790861149e+00
2.355305622207689353e+00
1.286609882842536194e+02
2.562296002956550911e+00
9.082007854880891351e-01
5.264114828585161554e+00
2.616618490897542060e+01
7.316285258804667535e+01
3.148393934896168839e-02
2.540398637226003231e+00
4.757666398026813681e+00
5.060524651933340917e-02
1.390298231792895578e+00
2.545381570214093614e+00
1.690142256267346710e+00
2.028416319289999326e+00
3.404341706009647250e+00
4.315296164280271740e-02
2.462354760779705831e-01
5.192280900375016994e-01
9.280402505040180605e-01
1.078536733398692604e+00
3.667528359050263642e+00
1.646690967542628226e+00
6.464860481268412951e-01
7.609997215045377628e-02
6.125901601378991312e-01
7.740560777296056072e-01
3.096898832677982133e-02
3.080282478932753198e-01
8.751482554789666857e-01
2.552448536903434650e+00
2.827729560553566279e-01
1.552507034782864004e+01
1.243907664517874245e+01
4.469793568976133002e+00
4.068455373635850858e-01
2.952840733992245337e+00
7.975826735326007055e-01
9.048153642090500659e-01
8.651484369343819258e-01
2.709175210549111590e+00
9.650455717082476736e-01
2.528869440531944512e+00
6.369720675182885539e-02
1.574818861088977950e-02
8.762215272490065932e-01
2.989326864944779061e+00
1.057724718815611631e+01
5.093175469906406683e+00
8.134249044803152362e-01
7.988814269017200376e-01
2.174880907212940195e-01
1.532315004709370765e+00
4.677789888414335961e-01
7.519776574869588837e-01
3.747280827779720935e-01
6.912218476518580679e-02
4.819859784280162984e-02
8.041325987557026433e-01
2.049396017602023612e+00
1.493726626883205011e+00
1.634668818921638067e+00
1.192018650681739844e+00
7.133023528668355207e-01
1.235371921384836869e+00
2.952258632400999172e+00
9.273720660933391091e-01
3.312765114702234670e-01
2.089470920758854433e+00
5.024519372384927962e-01
1.087748640824868079e-01
3.634955078012879426e+00
1.989708773248503260e+00
1.608045165972460833e+00
4.187785949323055590e+00
9.208808017596307849e+00
1.862192575474548528e+00
3.558090083740256482e+00
3.536801889806482357e-01
5.282853708873938015e-01
4.463641658285300573e-01
1.145105034954450596e-01
7.326645647393729976e-02
1.483945345767459623e+00
3.520425237069135793e+00
9.037059584558457814e+00
2.448355156863578586e+01
2.120843583148065203e+00
3.126685076038950295e-01
3.064405161813877676e+00
7.058052083149024547e-01
1.896256575397798905e+00
9.943177119224458904e-01
6.305111356327260097e+01
2.158173607134205696e+00
3.705025985448254122e+00
6.638370177742592970e-01
7.661454311148027330e+00
3.090259148143903456e-01
5.552594186695742895e-01
9.914477188683348818e-02
1.087602745779395441e+01
2.140595185202584794e-01
3.375690726253726570e+00
1.227150479085119761e+00
2.288746681163414121e-01
5.908449209689389248e-01
1.581754614806657022e+00
4.959984735463168204e-01
1.127571238342867238e-01
3.112722376338940222e+00
5.102314942343268989e-01
1.437799406088076659e-01
2.881821412798847071e+00
2.208074314957070072e+00
9.671924739668940063e+00
3.118258355600860288e+00
3.544740823466978696e+01
5.039081218850364335e-02
2.362689459396155378e+00
2.982400027197108727e+00
1.800596887880432595e+00
3.672409567718172951e+01
1.066480944456382529e+00
3.114621815161289220e-01
3.659440005191625378e+00
1.682721991993889388e+00
1.510256103935346261e-01
3.787393653320118148e+01
1.003916848589665872e-01
1.701445337223401078e+00
1.030866022475348531e+00
6.456874668461933808e+00
1.678747158874961176e+00
6.176574443683686688e-01
1.400882286897164519e+01
8.458574096534915432e-02
2.560904207198275717e-01
3.182963375503497172e+00
2.253099253233843413e+00
4.447622784753773595e-01
5.238790894338170023e-01
1.560448674167907723e-01
9.540981474952276997e-01
1.049234246470079207e-01
8.423358521031329982e-01
6.529095386936528689e-01
4.101538304789880129e+00
3.961252672046526313e-01
9.557383491337678727e-01
6.102782027644358287e+00
3.829618713843525590e-01
1.977183445175560161e-01
3.716765557360702243e-01
2.232854753027292638e+00
6.343947060525399750e-02
2.441634319445646906e+00
5.079012377754081875e-01
4.891880924284074950e-01
7.848348212761641074e-01
4.602851001860078922e-02
1.061259760012115416e+00
5.777824020406988836e+00
1.385535059124901558e+01
3.286029341688805755e-02
7.107050986151869365e-01
2.091063483214234964e+00
4.102105619196845243e-01
3.715492279480212545e+00
1.479756760526031556e+00
2.572534649851820898e-01
5.684504321692899209e-01
6.244874302478342631e-02
1.218112193201292159e+00
2.826253357156461643e+00
5.231245295971338471e-01
1.036408548493543247e+00
1.273402024733203963e-01
5.814337542691686567e-01
3.858305682668836112e-01
2.508825183227873978e+01
3.105584775195432412e-01
6.995311678294505175e-02
3.822196544542461744e-02
3.289390148184835605e-02
1.440746846762845479e+00
5.706934365900367262e-02
3.702507377360262503e-02
1.356942841124129107e-01
1.167513416293982226e-01
1.892378760841285645e-01
8.804053795831366658e-02
4.113537136242237380e-01
2.970173484970407007e-01
5.838702727713245277e-01
2.958335462218056669e-02
2.383838740658326405e-01
1.258797711213405224e-02
1.934632649158474216e-01
1.250311287537524851e+00
9.141070134130736824e-02
1.584831240328697932e+00
2.273040022307264429e-01
1.844712636384264193e-01
5.775466593860575371e-01
1.117674432108978211e-02
1.034301858077344982e-01
1.252017622440013134e-01
1.400446185769601837e-01
2.110713654064055866e-02
4.109332877625508917e-01
1.311353451924175850e+00
5.012850196973217543e-01
7.200279927435827843e-02
9.956096884779627731e-02
2.638927642151330660e-02
3.597790846515164231e-01
1.106435510859943711e-01
3.764670874739564077e-01
1.395851191142568171e+00
2.217172194496056792e-01
7.706842996191695327e+00
1.354638577948092282e+00
1.156247692488465845e-01
2.790905249961996293e-01
6.659776697650038324e-02
3.006575208792137688e-01
6.766653911934018828e-02
3.648293618267447469e-01
2.634201016162168174e-01
5.455519284933433299e-01
2.456268466470909573e+00
1.272503603566977615e-01
1.247454717341834052e-01
1.083975567927457195e+00
7.401198237607836683e-01
5.564534113077153343e-02
1.288616368449222449e+00
4.558715822288898489e-01
1.425724133760339907e-01
1.208865603242296471e-01
4.195909127558555135e-02
2.449551838468606857e-01
1.360766639271776546e+00
1.054865081551103756e-01
6.192963847347398021e-01
8.286356946011579072e-02
1.460852158521382727e+00
1.481211124977639682e-01
9.289965418841605871e-01
3.667345824476071936e+00
2.565569329173827406e-01
3.036346158578699383e-01
3.205498740833374605e-01
6.576123279558232504e-02
5.598404184414645934e-02
6.961704410628496986e-02
2.623786562769383490e-01
5.578770125654083228e-02
5.477785229369094289e+00
1.148828678709994167e+00
3.811104986418809126e+00
1.954591127987188370e+00
1.310697970005404167e-01
1.586043085725583057e-01
7.083965550280224566e-01
2.686890607403938258e+00
6.891646817524149649e-01
1.171309956096446836e-01
4.766033780669295256e-02
6.682153639731661099e-02
3.000274176681111626e+00
1.569787351734163394e+00
5.628914667633766467e-01
3.393294833587890413e-01
2.238580496346115056e-01
5.072368806891438542e-01
4.475799880138756626e-01
2.015403780693201252e+00
3.150930323261820765e-01
2.853554781761647938e-02
9.603930085088500102e-01
2.381598021009028454e-01
5.006531400693601253e-01
5.743839465668944266e-02
7.646248319539210303e-02
1.876502030005545302e-02
5.727034007375941815e-02
1.043131687705833865e+00
4.916481699113354753e-01
5.078463571212652461e-01
7.520107520818025693e-02
2.089203023164964979e-01
4.170771063939087142e-01
7.809089804152696823e-01
6.217330727196965223e-02
1.604359932602015704e+00
1.943507269453329522e-01
1.726968486482818088e+00
1.147112677926545254e+00
1.581850323461981289e-01
1.112630923483777790e-01
2.582072940488286950e-01
1.697062913101136106e+00
2.649305971836093954e-01
1.115401573451346051e+00
6.112344773504597290e-02
9.635417892731219791e-02
2.595728744709692171e-01
1.617967381991802789e+00
1.767067955007902924e+00
4.910316952212746777e+00
9.520683862130530084e-02
1.606845714511593026e-01
1.611167076646105867e-01
5.205588065937946096e-01
1.883599005670276993e-01
1.081541206589626269e-01
2.160344783401708102e-01
5.130791693060957392e+00
2.779951691090022312e-02
3.612843240684299739e-01
7.884940109145107678e-01
7.077438385767104156e-01
2.005927253979346014e-01
2.843549963242713918e+00
2.664463170106620704e-01
2.371622392912608457e-01
2.106659063675659027e+00
1.348124187391771756e+00
2.971065515621958975e-01
2.236357315642349963e+00
1.068173892339684627e+01
1.236144389412537348e-01
4.145507896673256143e-01
5.190601168406407812e-02
6.313544606253837510e-02
4.774191120754934126e+00
1.771353098174034135e-01
3.013764064267653864e-01
1.579008879690145528e-01
1.282091277432725607e-01
4.321113574236876143e-02
3.685849091807378297e-01
4.083090414039234339e-01
2.594639418975343004e-01
2.641825586611571186e+00
1.506816694004624868e-01
6.661939461561621201e+00
4.234504181587583349e-01
6.770172013391460020e-01
2.225314471806525418e-01
9.726362734962459289e-01
1.597077834227535187e-01
2.407306875209875019e-01
6.372632902926319565e-01
2.064103587064140211e+00
3.791302981804770683e-02
3.246514543482803550e-01
7.829472350301677763e-02
7.494666186937515295e-02
1.182289384953722211e-01
7.115986913518715928e-01
8.965326047582888869e-02
3.575920193013595177e-02
5.034950667476489200e-02
7.077121393873496771e-03
6.708251603922040784e-01
6.954814563976935426e-02
9.835404457918126564e-01
1.962124823778690560e-02
8.245231511039425865e-01
2.795766156825299498e-01
3.659313242580212400e+00
2.360606131513567629e-01
5.598415731083798696e-02
3.692582136469599874e-01
6.023005957480026540e-02
9.282548444149862910e-01
2.625861250341896547e+00
5.476527384501215234e-01
1.910857451369353532e-01
6.818407916664999124e-01
2.006090725850936396e-01
8.681017528279259821e-02
1.750749004147170718e-01
4.125702463287419519e+00
3.883000301959785849e-01
2.323027850972951391e+00
2.116845484339776373e+00
3.242388754753053881e+00
1.308349785851983693e+00
9.455533949729687526e-01
5.531436699200863449e-01
1.737987156009578982e+00
2.480617037669891334e-01
6.000873279592217058e-02
9.015874773722597491e-01
8.213995799786049101e-01
3.356325333918672160e-02
9.209940315892581331e-02
4.319458256474596469e-01
6.704457902691475235e-01
1.550131008605038385e+00
1.507777585135327558e-01
1.939441225125683177e-01
6.387319239633583168e-01
1.007667895440121919e-01
1.073477887221094162e+00
3.095516513844835671e-02
2.709371508142018325e-01
9.107754535069361168e-01
3.766370656874105105e-01
1.024208204168829961e-01
7.925143555823410679e-01
5.574247996048121295e-02
2.245311451529126145e-01
5.436504601823589633e-01
4.270440422522205903e-01
7.073239259680749180e-01
1.277281505986423149e-01
1.900993318525951992e+00
8.487434974167791524e-02
3.789516044821134577e-01
1.503564402770618813e-01
1.098579986810366005e-01
3.921300322990622922e-01
4.406752107753051373e-01
7.515989605558706654e-02
1.631175604149506519e-01
2.408485218116433457e-01
1.651170863221703700e-01
3.082197993176108083e-02
4.351121259436066535e-01
3.190262572198367508e+00
6.624824247482294481e+00
6.564443763753922967e-02
1.425996093925935737e+00
5.539464262157712815e-01
1.143208075923390465e+00
3.808903240063110096e-01
2.114408928057601444e-01
3.963977965038948531e-02
7.981769746727083170e-01
1.440323596296353870e+00
6.931642914466500383e-01
9.325477921622844502e-01
5.362053926989113206e-01
4.724594686275825239e+00
2.548580635641791714e-01
1.783842053527532820e-02
4.434249739033379045e-01
7.156862246578857834e-01
1.263126141277977732e+00
1.019882327855111126e-01
8.745728567022754973e-02
2.406631471803170885e-02
3.840061261995797448e-02
6.387719025959173735e-02
5.192719196394749437e-01
2.318188219813932249e-01
5.332389230432967864e-01
5.152816424222797842e+00
2.179008732306034202e-02
5.275950081568608202e-02
2.219772448549654165e+00
1.281673712242833441e-01
3.388765157235377856e+00
2.016502010859018978e-01
7.189377082462519164e-01
4.001286933548254821e-01
2.829725700719471160e+00
1.273760188849724750e+00
1.110164511971408752e-01
1.104439066132984065e-01
7.270318272261808712e-01
4.451644021262565060e-02
2.786106298616076657e-02
7.660045401935361431e-02
8.580346185164131056e-02
7.499748176213015538e-02
1.115200203264970602e+00
5.406532066017690763e-01
3.287417680889470617e-01
5.444292555454343097e-01
7.416616133966557056e-01
2.489941562208654591e-01
2.324556728648474388e-02
5.189145750686031677e-01
5.396091560837530665e-02
2.360178443496518064e+00
1.480968932504571400e+00
1.576058977445324305e-01
4.768727020845581199e-02
4.309913948212061308e-01
2.752384132146932227e-01
4.147300526463175707e+00
5.676904431886996283e-02
4.241304656128452866e-02
1.804572102956396029e-01
6.049382015704555249e-01
2.931035148174505542e-02
2.332946713908887471e-01
5.821145266795495488e+00
1.543869353693334556e-01
4.318398275998795444e-01
1.135118899278514948e-01
3.334651417278440277e-01
7.820438427261903191e-01
4.364351913541626438e+00
4.233227622838340448e-02
1.922591967014998793e-01
3.688564831645311237e-01
3.974414811323989105e-01
8.548475886584488981e-01
8.754994249063016154e-01
3.844520289564436200e-02
3.707004401250819092e-01
1.211357863679069835e+00
2.717155998615659040e-01
5.019452842851139795e-01
3.006911936485787834e-02
1.566888751084608844e-01
2.696642594474695648e-02
3.181640354096062495e-01
9.948421571015731990e-01
2.185978569229522162e+00
6.352359579653158450e-01
3.148413385435098188e-01
1.673033539279375481e-01
9.498506825366391862e-03
1.166349573413666407e-01
3.354302154481036968e-01
1.264589571725691364e-01
1.915480253603540628e-01
7.935314868346008410e-01
1.070894129209562506e-01
3.524032454424819161e-02
2.630650828664098384e-01
1.998453014285222484e-01
8.292621144668713140e-02
3.682257636961685510e-01
9.693456993835430913e-01
3.589409300205206321e-01
2.124840571590182747e-01
1.981333256168385168e-02
4.024462886134488881e-01
6.201161359464587797e+00
5.372433548347446686e-02
8.522479810152635560e-01
3.464726881109058132e-01
1.558310549835737246e+00
2.212140179970353837e-01
1.092611325371277697e+00
2.586744192753230309e-01
6.987472103885392083e-02
3.563952425668900220e-02
4.979498996599660693e-02
6.833064444721075048e-02
3.380461585596249152e-02
5.154013336542305090e+00
8.126258920222207749e+00
7.675200110820210031e-02
4.281958514638270485e-01
9.981287887343544274e-02
4.482867992402949642e-01
1.364675274725539178e-01
1.151178169172936805e+01
1.087754524481741036e+00
4.557702091826038721e-02
9.459792171340813960e-02
3.640503907428818131e-01
4.137738418436609500e-02
4.971208799884799939e-02
2.579426183333377143e+00
6.394608217075400947e-02
1.648448905381090679e+00
1.131158083453175089e-01
1.641438528504801930e-01
4.887602883515609342e-01
1.105221026932655670e-01
4.084099764985500425e-01
4.904307970057740218e-01
1.374674138586349237e-01
6.558498219723767064e-02
5.121128046170984049e+00
1.172473566447621712e-01
1.367215156748939231e+00
1.242044046850785816e-01
8.773541344017665722e-02
2.087744119486543148e-01
3.386774985543228755e+00
5.095838493758022558e-01
3.370764142016868248e-01
1.062193288960185666e-01
1.352168554723286453e-01
2.686767007902723242e-02
9.797371153421053691e+00
5.430091947656186940e-02
7.147259405207694316e-01
5.909133222910376015e-02
2.315821868490730573e-02
3.979927018801477923e-01
6.102042251683814644e-01
1.848350297704278278e+00
8.028009954272626036e-02
2.110175419682591258e+00
1.283953556869555368e-01
2.905311179966588164e-02
9.568867575410883175e-02
3.398440870673807845e-02
4.253250128197154645e-01
7.576359933062563889e-02
5.734342580086875252e-01
6.510354487905238574e-02
5.260034546912216724e-01
2.058248267697809109e+00
8.994252855939064428e-01
1.759399966626697953e-01
1.073512016588520579e+00
2.701709600191081750e-01
2.478419058437311001e-02
2.757292116122189163e-01
2.090949552458873928e-01
9.304854924941637073e-02
4.196568940352117139e+00
1.210438008865187598e+00
1.702071319757675782e+00
1.679693802433516320e-02
7.222148865321888211e-02
9.025023742343645239e-01
4.927341717647887087e+00
3.013425789675236444e-01
1.892861297755214500e-01
5.089487547587085992e-01
4.127643855776118031e-01
1.819475808607974310e-01
2.701274670197397962e-02
6.764631134894778519e-01
2.528271754345340128e+00
2.446781398365777474e-02
9.037615823118112790e-02
1.327595283770148168e-02
4.628933529362173616e-01
6.738372567467250385e-02
3.317525192523809174e-01
3.036570937698002820e-02
1.494725734215563047e-02
4.292480275914504345e-02
1.155044378984403652e-01
1.074740560577684169e-02
1.206248410183988068e-01
2.594783085043284032e-01
2.329110449935425098e-01
6.640663751303090834e-01
4.398885115384998379e-01
4.810752607210608822e+00
9.234048875814598878e-02
5.085901811760011881e-01
1.811329112004557373e+00
2.313680268558686304e-01
9.970322236161096585e-01
7.843887765799326672e-01
3.026381969246953463e-01
3.682585316789874219e-02
3.707909890463721991e-01
1.022749342441904297e+00
9.835058484196474993e-01
8.979121573866616357e-01
1.446638051942836611e+01
1.222902972644871050e-01
3.188021826527447783e-02
2.841983087304601252e+00
3.647656372746830855e-01
2.745018532581896320e+00
1.693150380663445143e-01
6.839068823805174446e-01
5.003359955988561092e-01
3.140247145414585411e-02
4.596018153871094247e-01
3.651166509641260438e-01
5.033162998258799287e-02
1.320402567967628449e-01
7.238015188744004180e-02
9.382962856917015371e-02
7.942360408164109487e+00
7.495885669109661475e-02
4.054556616881754838e-02
5.697126645430831138e-01
4.974393408496448343e-02
6.823734073746553497e-01
7.750290714154645100e-02
9.283947890251824653e-01
5.595748588743643115e-01
9.362379204020537804e-01
2.632432850745796138e-01
2.393873407125400310e-01
5.789416045769996133e-01
1.386018623787425505e-02
1.894861673600382879e-01
