5.043673688622024587e-01
7.171406014744120538e-01
3.973909005995605037e-01
6.073210691957618979e-01
6.831104724921941429e-01
3.388194986983891210e-01
2.323294964346052094e-01
2.642666605738640540e-01
3.191558285182987675e-01
7.220003828759090636e-01
7.249521933497400372e-01
8.753174946972783754e-01
8.493039409654939975e-01
8.057478940227539299e-01
8.593578678192094200e-01
2.731806967893312121e-01
2.969920008303047476e-01
5.460939521011215492e-01
5.048074003745722793e-01
9.379876380564580174e-01
3.280871634060917863e-01
4.018478497650098680e-01
7.143710262435367664e-01
9.636469906759078663e-01
1.720915960337344452e-01
7.320113835713382144e-01
6.478842197062602004e-01
2.102365144614419534e-01
2.363400088258159337e-01
9.616298807951561001e-01
7.865354797060293279e-01
6.663135481755027012e-01
4.224650540813044142e-01
5.082868551422062842e-01
7.800192427119386762e-01
9.221046016617767682e-01
1.128216517199657210e+00
3.888924288825215680e-01
5.462890323066493803e-01
3.504231556259248537e-01
4.229278871672777496e-01
2.840032143347362981e-01
3.443597699413717406e-01
4.033336221221620610e-01
5.704562899068974513e-01
2.410174996796974334e-01
6.161597386657428066e-01
7.764937183822216982e-01
4.602785784620764264e-01
3.132012287105455095e-01
5.585171255982405158e-01
7.215463273384582488e-01
1.655497091429912471e-01
7.317779422698028613e-01
3.451764012463160447e-01
1.102221581740258527e+00
2.563776516780446602e-01
8.315287748171339421e-01
7.289738410914589073e-01
5.024835994032138542e-01
5.679040108554455069e-01
6.822583078798131195e-01
7.356008511066446376e-01
8.704137959140181291e-01
5.593387815640107341e-01
3.296067775571139280e-01
6.056575480613106688e-01
4.939107160249894268e-01
8.684105595076943018e-01
7.587558704312704627e-01
7.873113507669969868e-01
5.351208239651273901e-01
4.146239258643143466e-01
7.063434459851005709e-01
4.417214448141236760e-01
7.090699952427583774e-01
4.012022573047473450e-01
7.944431665004032528e-01
7.259285105539616811e-01
3.873240443499083585e-01
1.189839470411353517e+00
6.599029391946755752e-01
5.796182363554284178e-01
7.572839280546521668e-01
7.064685405204087498e-01
8.165292234087923040e-01
7.467757318822696444e-01
6.785403459579995022e-01
2.452013899353153170e-01
1.198607107429695118e+00
6.558699597835039308e-01
5.314645926003382925e-01
2.641868281000813723e-01
4.076492005739265623e-01
8.710270365317227537e-01
5.746592501019798238e-01
3.302157781183846508e-01
2.596326454699707242e-01
6.729297054766314456e-01
8.476354795373743922e-01
5.227907627930660217e-01
9.816072308031640326e-01
2.130013906072047436e-01
5.118350404809193233e-01
7.408155716974434979e-01
1.189366715510696615e+00
2.141999509653600420e+00
3.341461337889414795e-01
8.637291139752129032e-01
6.445888796027734458e-01
4.422353841068408786e-01
6.681216892180197320e-01
7.059986458479950988e-01
7.607022106064783573e-01
3.649880872448157954e-01
5.282261600240298893e-01
8.144989358647883870e-01
5.880647740148887692e-01
3.510485784231087703e-01
4.122944421056379261e-01
4.171521031769400700e-01
8.344474542546967966e-01
6.348412164778256539e-01
8.519503205343055274e-01
3.591196671193603862e-01
4.440602919205199894e-01
7.309590861891737124e-01
1.129517045385212359e+00
1.221722693103391322e+00
8.019107093062513014e-01
9.038613676634644767e-01
7.154700644307003810e-01
8.794128629790998186e-01
4.784257142940012142e-01
5.105692760717982503e-01
9.462721836419760724e-01
9.632738979794852607e-01
9.423349596256275218e-01
7.363939173106580638e-01
7.085097321809935567e-01
9.662092347006399073e-01
6.083015199036687637e-01
6.995351658876731715e-01
4.092726562223857334e-01
3.478616724794836301e-01
4.933803234346263999e-01
7.050391553565225067e-01
7.703261923764286312e-01
6.420639851769814888e-01
7.120285522621653262e-01
4.673298407041251434e-01
8.367453688767640951e-01
8.495686032359816009e-01
4.428578059797009803e-01
4.855865759831800577e-01
2.899336925644497853e-01
2.486344353429263965e-01
5.072054916540296166e-01
6.035669848325847520e-01
6.909502740723882930e-01
7.326301393368741532e-01
6.769085809443393664e-01
6.876475023138084453e-01
6.898419328438110121e-01
3.986704095942469328e-01
4.429699180877851306e-01
6.482973510974483489e-01
6.883830457683054460e-01
6.163593694034644743e-01
2.973644244463153341e-01
8.983420515796753936e-01
4.712532457474925551e-01
6.196496753225614329e-01
9.658645230792021197e-01
2.376724388026135726e-01
5.073989907620605200e-01
6.670620270657422468e-01
6.419587971152470596e-01
7.083561784123062477e-01
5.042914141333970646e-01
6.267772313179705845e-01
6.412895356858668849e-01
5.006722267814526228e-01
1.611432938976063101e+00
8.942372114213569256e-01
2.826859680965224109e-01
3.464435903525085458e-01
8.548017163834416010e-01
9.425543509009098875e-01
6.750794819671421809e-01
9.167507956437471739e-01
6.077300819507091001e-01
6.531093322319208028e-01
4.404457214504122198e-01
2.306240927719341305e-01
6.205193502988858301e-01
8.194432318492025358e-01
5.024067230282552865e-01
7.439412998968362167e-01
1.522389634603193986e+00
1.385966055957690735e+00
5.317970589079668020e-01
2.695941382769353467e-01
6.200850691521213598e-01
6.627283339947952490e-01
6.793092508725814271e-01
4.241090757466787764e-01
7.467093683685440686e-01
4.072972286394112018e-01
6.754932274852476493e-01
1.067465405717029192e+00
7.204404916023531280e-01
6.183818523263805433e-01
5.788488661585337036e-01
8.818589845532307514e-01
8.245987478906413592e-01
6.703125693932084905e-01
3.785301009148151485e-01
7.967097489410124300e-01
7.307044540739231486e-01
6.790156974445424876e-01
8.446639125877228871e-01
4.977760591187593842e-01
7.530944464432706154e-01
5.924052226789335851e-01
6.654784447634665145e-01
5.857981697624539130e-01
4.334335542069168712e-01
6.136055434593895574e-01
7.867532030369385199e-01
9.828511047491057528e-01
1.062329307950782287e+00
8.809323697867290637e-01
4.196065633290246288e-01
5.950448149766148775e-01
7.670709110393327812e-01
7.538772929338051210e-01
1.047921767551529104e+00
7.715351466795299373e-01
3.257308803132377695e-01
6.334564362854206987e-01
1.886708079297759189e-01
2.806710654990897669e-01
5.299583053185524806e-01
8.181037670224027281e-01
5.006032932125096258e-01
8.076139912276280031e-01
4.829604984601851281e-01
7.926740961221694359e-01
7.067835480118156433e-01
4.451474329407192898e-01
6.037828234937249183e-01
6.714281983907703921e-01
5.682134409291962340e-01
3.339088639389724000e-01
8.188585084240268541e-01
8.561101109516739971e-01
3.524149974924886686e-01
8.134575626456881370e-01
9.030685442206848323e-01
4.834696244183061542e-01
2.513287067702702493e-01
8.720887468267521925e-01
5.861938705371314562e-01
8.503414224204349781e-01
2.799949384632276495e-01
8.087240279458841608e-01
6.941054353467039917e-01
7.115756009908180690e-01
2.342070623334365498e-01
6.215685185497226151e-01
4.581522367605436186e-01
2.008542193510200746e-01
6.049895867261534388e-01
7.299174580228136033e-01
6.716610868399067735e-01
1.936769575367415785e-01
5.800552577230000395e-01
6.970479078489394409e-01
9.804886526714109429e-01
5.298803409529472264e-01
1.865671616047895054e-01
5.763355770927223176e-01
2.792266655012810017e-01
3.291590074759994100e-01
5.187062635386709974e-01
9.327070717335538275e-01
3.949713975828293977e-01
6.161075700181690706e-01
3.288952784307647148e-01
6.915458338116992065e-01
2.275585403374366655e-01
7.521719307972305479e-01
7.325590920432786257e-01
9.053849970442575668e-01
6.901306565686580186e-01
4.961300998578476174e-01
3.321199805846339337e-01
8.969883197335106750e-01
6.697277853098660971e-01
7.833012027473855721e-01
7.358881551290843426e-01
9.367408320187213810e-01
5.861394793294191219e-01
4.964916615454288418e-01
7.917899945116121385e-01
5.990563807672258934e-01
8.396787946589623353e-01
3.785079426226510835e-01
4.321647210564829589e-01
7.986194109239656003e-01
7.411449735133419647e-01
6.775770905536302458e-01
6.424264779685834315e-01
8.563076796570026072e-01
6.345781156499216147e-01
6.049910044091880712e-01
2.941520011458454986e-01
1.085400117314162083e+00
4.242342509510017012e-01
6.198381922057332183e-01
6.465313861128144657e-01
4.541200635310725930e-01
5.914197210721277020e-01
7.166141932685061722e-01
4.368820146716285158e-01
6.971402644280401129e-01
5.883485616713958199e-01
1.016005972345109365e+00
4.547216692763121348e-01
6.963631465559011469e-01
3.448403862733229186e-01
9.388455024328202780e-01
5.531252730560275443e-01
2.642575388388794244e-01
7.091930698999892035e-01
1.151954423466477362e+00
1.446490363804304458e-01
3.919517576653501756e-01
8.634563000888234585e-01
6.111590970300538883e-01
3.331350568372450915e-01
4.837414658491273056e-01
5.244676692691951914e-01
8.143164210260100955e-01
3.808545317000477382e-01
5.144744136489375341e-01
3.967976711016121816e-01
9.525333526887002078e-01
3.967540863703601928e-01
2.880795410755467301e-01
9.342572625357919991e-01
4.587741152234994235e-01
7.483180327966479917e-01
2.332917041874023045e-01
3.032981406119194534e-01
3.323941429746070098e-01
8.854663695532338785e-01
9.247655762967453841e-01
5.484455456679721008e-01
5.501954638157776634e-01
1.752796229571052522e-01
2.581160375199729740e-01
7.474091518388286115e-01
6.907388089005919163e-01
6.325615952953365095e-01
2.671777546407173576e-01
3.939146729839658745e-01
8.422471145192048647e-01
5.048232830290257933e-01
9.706759361548440435e-01
7.148381422146490305e-01
4.637584559686473984e-01
7.638562011343140723e-01
6.407389553026329176e-01
5.638511516627239262e-01
4.003573733760759645e-01
9.987383124602864370e-01
2.214441289043334316e-01
8.083026679967924011e-01
2.838731053495690548e-01
9.401281534963491504e-01
4.903142020253378197e-01
4.045754411621954039e-01
8.655736705076736426e-01
6.616489074963199934e-01
8.064824165234695252e-01
4.989518944295971981e-01
4.325902527001133646e-01
7.397528553985019961e-01
3.568233119575461854e-01
2.810842208154043509e-01
4.515480950201078425e-01
7.052421451287256282e-01
4.351079980460422769e-01
1.011288516922600689e+00
5.798551526992362648e-01
1.199958822795107016e+00
2.719467464796710976e-01
5.633762917520177549e-01
4.576445264093501608e-01
4.024095137343860484e-01
4.181274309799932754e-01
7.032952705439744490e-01
6.541664774387290215e-01
1.024816393610251231e+00
3.456772442436210624e-01
7.036603294998614588e-01
4.575835398650359709e-01
4.716809663623809379e-01
4.127187614846776764e-01
4.917355376622459251e-01
2.435628888589789764e-01
4.410795024337594850e-01
7.765360677249237842e-01
8.687717326228717729e-01
4.770442150804736769e-01
7.854150108466021463e-01
2.515328280003786277e-01
6.237699628632135118e-01
4.641193488024912273e-01
7.382225361534701102e-01
6.494815344849692584e-01
5.356088247563548510e-01
8.405052318320189730e-01
3.896637520323638637e-01
9.598452080711483703e-01
9.474427403559650962e-01
5.136220255795386214e-01
5.779668536986193317e-01
3.711391462602441904e-01
6.731368967283873905e-01
7.580892972730972623e-01
6.488396562568566894e-01
3.656270782482305415e-01
7.269566067334862769e-01
9.941855837899787884e-01
7.085428225528648261e-01
7.821941606321981544e-01
5.822375269519017849e-01
4.224478908511080100e-01
2.987933056359571293e-01
7.729023389803743038e-01
7.490040709227623328e-01
4.609239539848414280e-01
4.921559608645191819e-01
2.951431338413945671e-01
2.761601491783738371e-01
6.702305621777375766e-01
2.199613745780548135e-01
7.816242397481052429e-01
2.007466835866984489e-01
3.265116008880773468e-01
6.839608823888492228e-01
6.329475211136860180e-01
3.807418535735350162e-01
1.074076377876312938e+00
1.997723640737230633e-01
8.171906802882982213e-01
4.188859330734876485e-01
7.380743317669608006e-01
6.896734093856415893e-01
7.748918128642449110e-01
2.816103586402833869e-01
4.038163349379764178e-01
4.479007513893322745e-01
4.804198488133180067e-01
5.043840232170168081e-01
5.246680295783212600e-01
6.134175440768270260e-01
2.593990677637926234e-01
1.302603077423426292e+00
5.443267352637540801e-01
4.520737143740438113e-01
7.364263657670199192e-01
7.891502559122743898e-01
6.585853679282747120e-01
4.484716349604020436e-01
2.656152613384471506e-01
4.197283994546636698e-01
6.030565322743552947e-01
5.364394335963096339e-01
7.348966541258548091e-01
4.419536844458572533e-01
5.326303598433368425e-01
6.061802987774137508e-01
7.707835977427461849e-01
3.661799185960411540e-01
6.078282121919701408e-01
7.422712879458606139e-01
6.399515215824086445e-01
3.695906537103893497e-01
7.825082595563122023e-01
3.437688963090399508e-01
2.852125917453787740e-01
1.069694783866217414e+00
2.357592577385438926e+00
7.110852595518519781e-01
2.142294374375622035e-01
4.895484069669635008e-01
8.576921150098334445e-01
3.981893493430572195e-01
7.783795505891680788e-01
6.214368558198826165e-01
8.745003886766962165e-01
7.947065745756960453e-01
9.332232256052399588e-01
6.538745820627664962e-01
7.567647513785703550e-01
6.759626959739328811e-01
4.604288809375111091e-01
2.584429185863722722e+00
4.489077828315320984e-01
7.507482407334623575e-01
3.773954627077107382e-01
5.278421975165086266e-01
6.373638082233461510e-01
5.571017745674978761e-01
9.691970789027201105e-01
6.915827064330740681e-01
5.891643113324872560e-01
4.219120701405106311e-01
8.383459340672430038e-01
6.506826878315964402e-01
7.095350632868389074e-01
7.597909838179581765e-01
5.811989210078826185e-01
4.239120497817469579e-01
3.421758212428152590e-01
6.460778889170084582e-01
5.142980072550369375e-01
8.319837811391310733e-01
1.141429956490465747e+00
8.588972513658490460e-01
6.532940952190620099e-01
4.618976849974831822e-01
2.943571590789082482e-01
6.431713637909536319e-01
5.860174177255457195e-01
1.013509899594943198e+00
7.563636467335872471e-01
3.932233942557119000e-01
4.651853790404937294e-01
5.238718878833754644e-01
6.286766785799998702e-01
8.582367079288831802e-01
6.368419576889601252e-01
6.008478780674982866e-01
3.442179672556588965e-01
2.328536982361792407e-01
9.382353288320992579e-01
7.594240379983616673e-01
7.530273594361068801e-01
7.988939694715068152e-01
3.009307147032116991e-01
5.666379496934064175e-01
2.670621303532905166e-01
7.834385638791118156e-01
3.261061033331663639e-01
7.280558539333151780e-01
9.000695581705111525e-01
5.845559848384744850e-01
1.139533777320763441e+00
2.837663682282916544e-01
1.792037373048042392e-01
6.071521806162442081e-01
6.545759169382150411e-01
5.309147258627339161e-01
2.210755614707530514e-01
8.664474559782604501e-01
5.524938405792924057e-01
2.803911067689430214e-01
8.374070524026926421e-01
6.574603763077395691e-01
5.849464952328684575e-01
1.032043534494451409e+00
1.083707220975178576e-01
6.878327207844117108e-01
4.071397565112136463e-01
7.185533970897903799e-01
5.402614702735488716e-01
9.586395461547534413e-01
3.921799252564191485e-01
3.531529606705251512e-01
4.527404728631101438e-01
6.760447436673293620e-01
8.080016912612596469e-01
5.937549311430906362e-01
5.695483336797737550e-01
9.095213922221465630e-01
4.085391613941255495e-01
9.915697186163823229e-01
8.287755302581391037e-01
2.843011973119414226e-01
4.586100708910266777e-01
3.849018021929238031e-01
5.608846303581804804e-01
7.113358081112121090e-01
4.825086185720167675e-01
3.130606548462130934e-01
6.353255147232826916e-01
3.341616752659410938e-01
6.575201734351389105e-01
8.400467697209544893e-01
2.074034713481093251e-01
3.836562543882262588e-01
9.000144445266073934e-01
3.197886083321397899e-01
3.801708917217868633e-01
3.809301220207952920e-01
5.396411416733259969e-01
6.505956182468835003e-01
7.498155594152947634e-01
5.693716655509211133e-01
4.619410511493245997e-01
5.478370526068753188e-01
7.081539359166597603e-01
3.469270962673344227e-01
1.763656396608442034e-01
8.712036310658637372e-01
3.473125899889306090e-01
5.821782955537266879e-01
1.995425609817389478e-01
4.262714751665358515e-01
2.523390524299495286e-01
6.217547789250201795e-01
5.166830929798148508e-01
1.075891238573613018e+00
8.299147361538034007e-01
8.687171464730029102e-01
6.575997116852100310e-01
3.027609479883631161e-01
8.946029159699870892e-01
2.602900440643425850e-01
6.919750099992015846e-01
6.549982149484236960e-01
3.053916253748814036e+00
5.003713523607754565e-01
4.598858569928654383e-01
6.405319686596278039e-01
6.569516652614868502e-01
3.280922336169215248e-01
3.469769792801386532e-01
6.215454902093204836e-01
1.261344364614606084e-01
6.518709585715930510e-01
1.390823892605172751e-01
7.877121835643878800e-01
5.606733430681504204e-01
4.748935067098800089e-01
9.812902967967268575e-01
5.231457493449690466e-01
7.938023848647257630e-01
6.538296554785427706e-01
3.239161962411999940e-01
3.963920553727484086e-01
7.200067236368190571e-01
3.733843280858079594e-01
3.201658911875743807e-01
6.119242850269038803e-01
6.644380814994799156e-01
7.876454511154693527e-01
9.878860730841325655e-01
6.758485729457464064e-01
8.377204102726110158e-01
1.902611606642863606e-01
2.155421527957537275e-01
1.635776572314528721e-01
7.566747999087632959e-01
7.234250050725276049e-01
5.226551956853678904e-01
2.350298766537723405e-01
2.551728430028830652e-01
3.469479411599774576e-01
1.120422342017702994e-01
3.121591676700657403e-01
2.061951954464424641e-01
3.848951052874772238e-01
9.429197783846781089e-01
6.455035748108585159e-01
3.329366821862336234e-01
2.744420121497155862e-01
1.550946720479792207e-01
5.242926301322458071e-01
1.900321089263733443e-01
4.669921026216044546e-01
2.765694949227160970e-01
2.319624687303049881e-01
4.957153725711171965e-01
9.500611632831304498e-02
2.596716836958573582e-01
5.890718451900900376e-01
2.068301078689848416e-01
3.311566918694919259e-01
3.707867174938994093e-01
5.034220602741608097e-01
4.887393422052098146e-01
1.005864901093885821e+00
4.300354984391064894e-01
2.225862966192063697e-01
4.365298865706750409e-01
4.038696384166167719e-01
8.338992478129876318e-01
3.897885789919233734e-01
6.227643872153610927e-01
4.676226137495026469e-01
4.987785480022580709e-01
4.417125411591146245e-01
7.108097588570801983e-01
1.342002200499693709e-01
5.817629698649128267e-01
5.487858818771655933e-01
1.017365461062035958e+00
4.835038324998108816e-01
1.425813322912544701e-01
5.070454101258129453e-01
4.735836328689940200e-01
4.320277758153804881e-01
6.694694312137319248e-01
2.133830038884593217e-01
6.049856118799428195e-01
6.567542248681830230e-01
3.713506623436561571e-01
3.133473544407458511e-01
2.259412741937407709e-01
9.090498975786256430e-01
4.116174243755647555e-01
4.571056418518426590e-01
4.709600528216905113e-01
2.394088737291773239e-01
3.023886990088958115e-01
4.450244991013645457e-01
5.420936905979347742e-01
6.718653653223960465e-01
9.646281761616932737e-01
3.155894177868985295e-01
4.589737661958885884e-01
3.899919281466433518e-01
2.658292674481875228e-01
4.282720092690057712e-01
1.944316509991941000e-01
1.804189882642341647e-01
2.286493337976389650e-01
1.647733827860777545e-01
2.457129879763993163e-01
6.129614636959895835e-01
1.876558649322771222e-01
1.661142185443894581e-01
1.728341429611573721e-01
3.634909197495303501e-01
2.320531969648583770e-01
2.510989284861707138e-01
6.231709705941768096e-01
8.032727811958043640e-01
3.063267743850339730e-01
2.999713717157644344e-01
2.511967912846961304e-01
2.742235189996893863e-01
2.409139536310978547e-01
4.167077770801957404e-01
2.914810517965026326e-01
2.404444370173856316e-01
3.007395029963124689e-01
5.319224197052510039e-01
6.441646944025570809e-01
2.723725486766970239e-01
1.139093477777815666e+00
3.266179122725639261e-01
1.777479541669555185e-01
2.692298585120602716e-01
1.839401976040377362e-01
9.629605036763440040e-01
3.499148077698358561e-01
2.351046356050076891e-01
6.879661347610482869e-01
3.935986083627382448e-01
7.158827635948467050e-01
3.250020620382211844e-01
2.488067320333353927e-01
5.615865523180036956e-01
4.392009833586987821e-01
1.685705104970153523e-01
3.511654218532319627e-01
2.310376347382331608e-01
2.372149063281454306e-01
3.890435326135279759e-01
1.799196974339582478e-01
2.386809139912736688e-01
3.594800899119169890e-01
4.519511725197263297e-01
3.655852322206051275e-01
6.113177999193999401e-01
3.011241687401513545e-01
1.620878830165995710e-01
3.109532795010241379e-01
5.160433464749939469e-01
4.850950102824769794e-01
4.277163397781685306e-01
4.500617654076361496e-01
5.182872085640040094e-01
3.280469825674379170e-01
2.205964165216238171e-01
5.520291128164892536e-01
6.678610850970120305e-01
1.556336787981531244e-01
2.655589015779613593e-01
3.910393550156336939e-01
1.255325090058216242e+00
3.490502405442911238e-01
1.316146715206645557e-01
5.941289236390334683e-01
3.160381883366992217e-01
5.648657498523490528e-01
1.090651148854431707e+00
1.946372898325990364e-01
2.400575216125390987e-01
2.447656565163055520e-01
5.572161934714698894e-01
3.387381005723096861e-01
2.420120707762304924e-01
2.294085073159322641e-01
4.290690461126553390e-01
2.204549543602238593e-01
2.964885781393668540e-01
1.857523007463714737e-01
4.337906303858662382e-01
5.700045215125488784e-01
4.071619365762048637e-01
2.047887428978210633e-01
3.327558731357274646e-01
8.065512838411544871e-01
1.998546472912967609e+00
2.064657958313299568e-01
1.645759021443994052e-01
3.871641759641769043e-01
3.172962149739576576e-01
1.601809099075076348e-01
2.153422938429940814e-01
2.065759423471494327e-01
1.673133758326369180e-01
5.554795339964011536e-01
4.793851716025854248e-01
8.606346078759776752e-01
6.775728203854993748e-01
1.849203001134214486e-01
2.980958049700184742e-01
2.800847698121504137e-01
5.092796567973929545e-01
4.408354375590951002e-01
1.747358572177629688e-01
2.273831107188213352e-01
5.263446762964356651e-01
2.522713429957759712e-01
3.518237444129458380e-01
2.282056652037427469e-01
3.459171645500090375e-01
6.099410007081752516e-01
7.954451800625034208e-01
1.713428882214828586e-01
4.240791191020520379e-01
3.083401972349458786e-01
1.177981816010274407e+00
9.878744046973075843e-02
3.775984090209753563e-01
3.701490427229994218e-01
7.278935717947766504e-01
5.475733721243356555e-01
1.837980930333549812e-01
5.078995913238151250e-01
1.930623303506203703e+00
2.660520723852634606e-01
6.268970916917130376e-01
2.656994014728709108e-01
2.070337364418811110e-01
3.375095592347243101e-01
1.391765094461565599e-01
2.101378047126497561e-01
2.771188801422497794e-01
2.530001503809932162e-01
2.561148956955480727e-01
4.479702719518581233e-01
4.572440110404554225e-01
2.990418250537001943e-01
4.772509313702265610e-01
1.283134191229073628e-01
1.751638286390322097e-01
2.945513613242972673e-01
2.640298573692589912e-01
6.437498882913511578e-01
5.935608805731790172e-01
1.114601348627666688e+00
3.570248456672540094e-01
1.263452502799575494e-01
2.488073231921627271e-01
2.055070840384898290e-01
4.946282245739243022e-01
2.741796528018076162e-01
2.275966648853167407e-01
4.880556501546667314e-01
5.931742723944725126e-01
6.381258239982247060e-01
4.392444355953078472e-01
5.463728639525244901e-01
6.623689133213248592e-01
2.604452633656232363e-01
6.925698355015937890e-01
3.795136689965373233e-01
2.970646228264762767e-01
6.683570438841645034e-01
2.480414860401127797e-01
4.980905395875719899e-01
5.232218505857350044e-01
3.986749935793372779e-01
8.345450916676960817e-01
1.620330467959522347e-01
3.391698160149399510e-01
8.252003455146618149e-01
3.574871969238757052e-01
5.278875462156118470e-01
1.797943776458263754e+00
2.036702776813054394e-01
9.277503076929451142e-02
1.677721538254019762e-01
2.158784798716527342e-01
2.935781261032056055e-01
2.442371586925615179e-01
4.567427626000130636e-01
2.315669016151856441e-01
1.843712741434955782e-01
4.136472589946256773e-01
5.772324180028733931e-01
2.044263619486692274e-01
2.339494135723768076e-01
2.080370254641635830e-01
2.102425214515820928e-01
1.295951526913707297e-01
2.571756463472321119e-01
2.773155169853925850e-01
7.454588537058443043e-01
5.911282628411335116e-01
3.367560951986285911e-01
4.699086424442728838e-01
1.641022509821326580e-01
8.084190191898549260e-01
6.799149020985061354e-01
6.329014623587227995e-01
1.227678022047925976e+00
4.277459747460306549e-01
3.242652014312453201e-01
5.213563495852562291e-01
5.563994920922004095e-01
3.228460976553137463e-01
2.491162248891108100e-01
6.671933593840061461e-01
4.671603611362207809e-01
2.357299365865036522e-01
1.559592195226200406e-01
1.142465939289280197e+00
2.704176980919308915e-01
6.463048728468113735e-01
3.123719074704857657e-01
2.215745339189338636e-01
8.343077725505713138e-01
2.535863255515346526e-01
1.971336370552004835e-01
5.303181727667243273e-01
2.104876226876436218e-01
1.734364293828096759e-01
1.984595630949010925e-01
6.091779704516409044e-01
4.219551732435432023e-01
6.033884181984432438e-01
6.367398630833097650e-01
4.848054657711521331e-01
5.504078804083911702e-01
2.823635380565850950e-01
3.877253488690142191e-01
5.285920717555780968e-01
4.764964132481229186e-01
2.516997864719496270e-01
3.624157941748112899e-01
2.715644197727719034e-01
6.715487478240700359e-01
1.267502960215826091e-01
3.129193691101447850e-01
7.306963870165998909e-01
6.223963000899888076e-01
8.654203728894127590e-01
4.124556665061330230e-01
3.819680771634711980e-01
5.404748208379663854e-01
7.060689152592900530e-01
8.753799463243880363e-02
4.391702644807812805e-01
3.839902780659932291e-01
5.390202159846810837e-01
1.294587243757843731e-01
5.618078643856576626e-01
2.902268557352232214e-01
4.411206450607064733e-01
3.298050597779437210e-01
3.164552768796697890e-01
4.599436020499651501e-01
2.897394530411416258e-01
8.703066104650104551e-01
2.355233502015143254e-01
7.262261369764654306e-01
4.139385226678182761e-01
5.534191188021740926e-01
3.128267665244958140e-01
2.522643118709810839e-01
3.725444423443411424e-01
4.388089822566330622e-01
5.669717333690457162e-01
4.670242090394414181e-01
3.988009726311650405e-01
5.732556504051591340e-01
3.197255326008580090e-01
8.274452596666805881e-01
3.388086711458750955e-01
2.152053409201017675e-01
5.943417096741481220e-01
5.433198128466606436e-01
7.510160349622921894e-01
4.584698998969143902e-01
4.545504954890835503e-01
3.200495288864348420e-01
3.881591775333134708e-01
5.918760340753477234e-01
2.023854244450370155e-01
5.157680440308268777e-01
1.924424081283109267e-01
4.385475795099227359e-01
4.930375819506984669e-01
4.202761417038395897e-01
2.710348688614000467e-01
7.169988319641690255e-01
3.027754346558286236e-01
4.221395355775384717e-01
2.939879098593509710e-01
4.184581963629160350e-01
3.928923876548979233e-01
1.814335927683264349e-01
5.993187973880942376e-01
2.614861268096714264e-01
2.098443456793660511e-01
3.249541294775439293e-01
2.498941102131761183e-01
3.573569921317343301e-01
2.794645392406501228e-01
3.676318455504335447e-01
4.897085819590927258e-01
4.254805668068415425e-01
4.195154628462180457e-01
6.322365184018862161e-01
4.259025848561071581e-01
1.812914716201211307e-01
2.479907781141539591e-01
8.105232473014801764e-01
2.158202911155830128e-01
1.941934152687186943e-01
4.525901993669110834e-01
9.290817255535593899e-01
1.818460609858114918e-01
3.547854838367341390e-01
3.765770919537440586e-01
2.695076954064512531e-01
4.679297428408548121e-01
7.922207537215968376e-01
5.091368654065522303e-01
5.048223152520598944e-01
1.589743863781092614e-01
4.527542962027865103e-01
2.357212858784803744e-01
4.899464556173263041e-01
2.527009016755060178e-01
4.526826002967455076e-01
5.051509464700596475e-01
3.545922932525631399e-01
4.992905435767169831e-01
2.597591208161978971e-01
1.856534391727066302e-01
7.656947172939607693e-01
3.073284300567815097e-01
4.815407428335458651e-01
5.313262343932594334e-01
2.037220585754730973e-01
5.037430831993896518e-01
3.307401656375866805e-01
5.714604197529905560e-01
4.784704615583082465e-01
4.605318553473428111e-01
3.359576596739279886e-01
4.436155462231054503e-01
3.136601642469520335e-01
1.823788591092606881e-01
3.411351029222406406e-01
2.032940111039518161e-01
4.802163756297422315e-01
1.613827659070618259e-01
3.084567064683175763e-01
6.602916790184539808e-01
8.419172789770033027e-01
2.648362836489525085e-01
4.308237654952454254e-01
4.232722913573409018e-01
4.983920352832486023e-01
1.948424644562253560e-01
3.574740424005642403e-01
3.448250195949166264e-01
2.364739712978048414e-01
4.784018513219472912e-01
5.338622510872594873e-01
8.808265597466163888e-01
4.589213294115526698e-01
3.522377021150924770e-01
1.123259980760633603e+00
9.948705322427878750e-01
7.643756821117235756e-01
1.010493373248309679e+00
1.517760797597713929e-01
1.780452059429949441e-01
1.896375392817256644e-01
1.692326426330914568e-01
2.717937792365380800e-01
2.495881070521379086e-01
3.742365791542160425e-01
5.330645806494123118e-01
5.035444461965138396e-01
4.978841768902927956e-01
3.138502061295738166e-01
2.923704787729261012e-01
1.445955555882020294e-01
9.965501503405108652e-01
2.142157690338877818e-01
2.153209987772161382e-01
2.208357624506663563e-01
2.281509662331303867e-01
8.122060210174077977e-01
4.514656713167501390e-01
2.677970333213059440e-01
6.316088838884217349e-01
1.678989656484053683e-01
1.814770101209914888e-01
2.759590426337956148e-01
7.743499827761891607e-01
1.782912438646217512e-01
7.825785364068692518e-01
3.595953884121975141e-01
1.107156664332222595e+00
2.427434981575085915e-01
4.889359047180125706e-01
7.098093514310598318e-01
5.385059076334911543e-01
1.704562086256502795e-01
3.720961020234062056e-01
3.880635710549829587e-01
1.990768150274521420e-01
5.495274571262968033e-01
4.398155761909987027e-01
4.513482992483534018e-01
1.165247443478192868e-01
1.202121918838539999e-01
6.079012115206752220e-01
9.027478809123850034e-01
2.589113564826695524e-01
7.972374891792621820e-01
1.418898582700153010e+00
2.253941631839307957e-01
4.453955515810357202e-01
3.240505874186144220e-01
4.206178514262093882e-01
5.734089089125211647e-01
5.636404156039211966e-01
7.239406855273263774e-01
7.722348503286996513e-01
2.157390392253186739e-01
4.356023198838790966e-01
2.107647886307103535e-01
2.376950799979506979e-01
1.969638229578912547e+00
4.553079809987329862e-01
1.378708818123557389e-01
1.071620512188649899e-01
6.610578414293771798e-01
7.590302126129073734e-01
1.571739786494726343e-01
2.132631485496908896e-01
5.237461736447944771e-01
1.852185233416767107e-01
2.112412374977005736e-01
4.976254816666679792e-01
5.732020974663855073e-01
4.177996885248917436e-01
4.975042828549388618e-01
2.079116848238635185e-01
9.012127672279048873e-01
4.928982939359967674e-01
4.113561921029537105e-01
4.784236410182940435e-01
3.695067096158631270e-01
3.136679714073708491e-01
2.650300806556788458e-01
2.983436787971719961e-01
6.006668466532251172e-01
2.377878681474549782e-01
4.836403322562082829e-01
3.881805270801337859e-01
3.000462415925582715e-01
3.638986416012509051e-01
1.068181538293759614e+00
3.403527423521019446e-01
6.477931332640600726e-01
8.091282728340983832e-01
1.869520733409033020e-01
4.441553354576781021e-01
3.374384476388170850e-01
2.284681566131553099e-01
4.295835569332969173e-01
3.399413668768430652e-01
8.855713876728503742e-01
2.951802348555848110e-01
1.489366789119906942e-01
3.045825934269671409e-01
2.082007057258375426e-01
2.863102468519551635e-01
1.623138578966675516e-01
1.354881581813857649e-01
3.624670039229382912e-01
6.694304378089367402e-01
7.669779852928961805e-01
2.958266738786979877e-01
1.503792628261597653e-01
4.253844108878594987e-01
5.359175516205471057e-01
4.249425857311330268e-01
5.737358184385698001e-01
3.584513794517000806e-01
2.301326340070797283e-01
1.597477896487806415e-01
3.099333191091487860e-01
4.340283706779124451e-01
5.571906357439108115e-01
2.306376451712962572e-01
1.912811778584986022e-01
1.401443655594827309e-01
8.951815612298252844e-01
5.431604706227194379e-01
5.461852875981949573e-01
4.968517848154836436e-01
4.950839943421098677e-01
1.203539503377876740e-01
5.372469047992379787e-01
4.660887997486195533e-01
3.257016692844917349e-01
2.160438075267964719e-01
5.611040480972601108e-01
2.639561622182246547e-01
4.676231084119699122e-01
1.921128036784348070e-01
2.860652885704639825e-01
1.436744996807486074e-01
1.283156066729954636e+00
2.629277379204396081e-01
4.128256513026051788e-01
2.515319984354289495e-01
7.527756814090960091e-01
2.736669844615058911e-01
1.307070041399862603e-01
5.188471730368618973e-01
5.471595208928200504e-01
2.545552577259151961e-01
2.125124000452121575e-01
3.594165085033608209e-01
4.722040460069121814e-01
6.180836170531643914e-01
5.713543011543621430e-01
2.294590404550474749e-01
2.164423335600490217e-01
3.225846813820768544e-01
3.447248572042860282e-01
5.630330622615031810e-01
1.446324951431634531e-01
9.647392373318369740e-01
3.821472290952755979e-01
5.266866111047423527e-01
2.366362355068358236e-01
2.427686088202279380e-01
1.883924718306251578e-01
2.101331572783716461e-01
4.702472407821204348e-01
7.193228033994930604e-01
4.043418925547974108e-01
4.429760892376030101e-01
2.530271298318089168e-01
2.994198600725891946e-01
5.322568934625573345e-01
7.716628484130306775e-01
5.947829546852462235e-01
2.395529414567615367e-01
1.812205043479361011e-01
2.664731929107098662e-01
3.317863522504648222e-01
2.042510430977206859e-01
5.471725759668718547e-01
4.281998388197684191e-01
4.911750612084881951e-01
2.545938591963083364e-01
6.521549408940702230e-01
3.827089114671801129e-01
2.235282668408998530e-01
1.599899109994595836e-01
2.074380133865632858e-01
7.982016040513630895e-01
1.813416213876411220e-01
4.021220129398318521e-01
3.276012113412847815e-01
2.129551080426143606e-01
7.290543810230128985e-01
1.786369750888434915e-01
3.787040101235444878e-01
4.747233538817091647e-01
4.625861951375432324e-01
5.864384693926616432e-01
3.592186251605096192e-01
2.176882417768992162e-01
1.645040666178028965e-01
3.908168139799949592e-01
5.306615214834602412e-01
4.222386894512634714e-01
3.683142411867749710e-01
4.376010353407019382e-01
3.109990871821330383e-01
1.584777088788490440e-01
1.697371398557283306e-01
4.715950646169335125e-01
4.978377249795472581e-01
6.496257690995285161e-01
2.789568484820350025e-01
4.581818939538526148e-01
2.366167864079457839e-01
3.440644759081212256e-01
5.206655276677631949e-01
4.019819764484441893e-01
4.640035377469377553e-01
9.240517483064375481e-01
2.768534832292305348e-01
4.918362686473924383e-01
1.819951951360946618e-01
4.714166201282984359e-01
4.127950869879736251e-01
3.237781464308345236e-01
1.700382587477162477e-01
8.522609161429153257e-01
3.009575707412226464e-01
5.333313880547474461e-01
1.077017369583095352e+00
1.310754362129036010e-01
5.854625446217600615e-01
2.091926208470201498e+00
5.559013460493855696e-01
1.548247904049100676e-01
3.418273091507362804e-01
5.124154898051676010e-01
3.172242206364191963e-01
1.456082715425059959e-01
6.441348778699008681e-01
3.671839082850075764e-01
2.476711735113164836e-01
6.198311370405605869e-01
5.324738505317860859e-01
3.911543613504355199e-01
1.053706089855706463e+00
2.705001031640211218e-01
1.182845983112501276e-01
2.508309020201631157e-01
1.853209119101852653e-01
3.712276982510547829e-01
6.198070501609571625e-01
1.786197957536907743e-01
4.333990005500788500e-01
4.728835995891499944e-01
1.504241185437070971e+00
5.876969988735072370e-01
1.714312255866707879e-01
3.462967832190166351e-01
3.501180825082558790e-01
3.896142366921183653e-01
5.548443872284709588e-01
4.012994251772869503e-01
6.242041694980573485e-01
8.672157765882481106e-01
2.082875494604980171e-01
4.228642031149750236e-01
2.630087195284666057e-01
2.631965684920177240e-01
2.116994243088715921e-01
4.190430417864614565e-01
2.432295648660146858e-01
1.320541416737495977e-01
3.356328909933621318e-01
3.795739038512337404e-01
1.522630534002832048e-01
5.713398951515364921e-01
1.076316417070090625e-01
2.378806640841694409e-01
4.814062899635320747e-01
2.438632165279642494e-01
5.470252222973117640e-01
2.004018640942896445e-01
8.064025389002923427e-01
2.910055989034134871e-01
5.243891501829255342e-01
4.159029163974148902e-01
4.969050735814175002e-01
1.370848327704148606e-01
1.337023589344156493e-01
2.516774867897222379e-01
5.405284893408662805e-01
4.946453845225206591e-01
3.772549579621458093e-01
4.879329182309220525e-01
6.278172208620820260e-01
5.118779688202585998e-01
3.185836294969890958e-01
7.449916301564395438e-01
2.083509692247602629e-01
3.219082668855798857e-01
2.450521612915452507e-01
4.731203322238534126e-01
2.642343001164197402e-01
2.815367373486984404e-01
4.551810441430574894e-01
4.070506883002739662e-01
2.219266713383024059e-01
1.872593687548483876e-01
2.046498786887300803e+00
7.982539407812706544e-01
3.396632001887337493e-01
3.860884519790679370e-01
2.170302082850754100e-01
9.125102557836979322e-01
3.962933854777455078e-01
1.059925922043730429e-01
2.740937925057962410e-01
3.152087524939492513e-01
5.493360747921347542e-01
2.069836879334634006e+00
3.839267367739761516e-01
6.298301284123022370e-01
4.761013937363932080e-01
8.454565697523723777e-01
3.983304809779580347e-01
2.549798835382427464e-01
3.897907264146924233e-01
7.073990658237896412e-01
5.708901970539883575e-01
1.292711460445281346e-01
2.668877560295449536e-01
2.890557800396973409e-01
2.828723680663259299e-01
4.365027325241203071e-01
5.043474627496549179e-01
4.164314763383141216e-01
5.639767966629445350e-01
4.112145984291042389e-01
2.188525941612968484e-01
2.081659501989001626e-01
6.316001947568501418e-01
5.623213487611422590e-01
3.997931512384511610e-01
9.737476773577951050e-01
2.138102587758220208e-01
1.982891646276042197e+00
4.482774271715082581e-01
5.338723562946897649e-01
1.711920129572149785e-01
4.563446230295877259e-01
6.428740840663362821e-01
4.431060324001489525e-01
3.326624221657982772e-01
7.674593700432386090e-01
2.836818733361234357e-01
3.497105713184021636e-01
6.015225834374308134e-01
5.394835927152158428e-01
8.086962392135925715e-01
8.229477781436278505e-01
1.002383491194588583e+00
5.328387758126998941e-01
4.331230748657485807e-01
4.630434783508644569e-01
5.708941131909435196e-01
3.180700023328154047e-01
2.515275895436218101e-01
1.520388346077946595e+00
3.624696137743226299e-01
2.426520281864415762e-01
6.346075909900105172e-01
4.812392152892192021e-01
2.328371439154512668e-01
7.041042192651820741e-01
4.886575762974779691e-01
4.191033496012099846e-01
9.553314063639654075e-01
5.418994937397577649e-01
5.530643255613064690e-01
8.293000606883608183e-01
2.081509730657543356e-01
8.381171715025454994e-01
7.011179572864053577e-01
4.624574032477020702e-01
6.265155797095851575e-01
4.215003612790991228e-01
2.658771517840010090e-01
3.897547506669190032e-01
2.754458926779815853e-01
1.622254595195657401e-01
5.323370882945249738e-01
5.411815692197099459e-01
5.498239859383259320e-01
8.061145522328221347e-01
3.287284816438271751e-01
4.647003699165736523e-01
8.562017128092667129e-01
6.652307202986510459e-01
5.985534024927270380e-01
3.764240989295312145e-01
4.368186821527699215e-01
4.387965025696261567e-01
1.728046678710201400e-01
5.202761683029774042e-01
1.257197885340733512e+00
6.193775253359617983e-01
3.126035191301840266e-01
1.057445669059577709e+00
6.621999379391958485e-01
3.788592954627810760e-01
6.697192578236864646e-01
4.984514792393979210e-01
7.987238474390196963e-01
4.148988749391555597e-01
4.329617622856695158e-01
4.817742458217674217e-01
4.824793562335424335e-01
3.987259796187017091e-01
6.169512171364601727e-01
5.522007207773287352e-01
8.804431780227126580e-01
4.050946918071005598e-01
5.368905180663253729e-01
7.519344278162770623e-01
3.001887113214014025e-01
3.222591465328089044e-01
6.769084185517039165e-01
8.995638649717320190e-01
6.297804925509478124e-01
1.971896978739162976e-01
1.785019665158531499e-01
3.490477508389863148e-01
3.684129939496661454e-01
5.007175031879481653e-01
7.562003800794179220e-01
3.525617913955638727e-01
3.449260606543496643e-01
2.663849396352460097e-01
3.985030071895973580e-01
4.546582136695721532e-01
9.478957915831663916e-01
5.500204370769697926e-01
5.550064794604285812e-01
3.991103529384408821e-01
5.229644263781897395e-01
5.516234687685321880e-01
5.859900001896417576e-01
3.105621243271502463e-01
5.116131496307746440e-01
7.951717205224508866e-01
8.006710683912516835e-01
4.203075754972684930e-01
4.012229974282145450e-01
3.322007671172025889e-01
2.968145015661911024e-01
8.355226892671949734e-01
3.844073028539837789e-01
8.821881660372796752e-01
5.766127963957415892e-01
4.750809872715439086e-01
4.959964705059364265e-01
8.269581527300197132e-01
6.447601837349543619e-01
9.010969479837978025e-01
2.723070119102243281e-01
9.705500310871818526e-01
5.557332479952504789e-01
5.042964460202264965e-01
6.151017779284789766e-01
1.239339932546789230e-01
5.432468088390308703e-01
5.075795901859391224e-01
4.332607611240248957e-01
9.968332950238014689e-01
5.533392690356583321e-01
2.741658624228503482e-01
3.750433275485146600e-01
5.912870147110147467e-01
3.950982054654084141e-01
5.068482900913108269e-01
1.036125038041525004e+00
7.875950900278477773e-01
6.153403470213487658e-01
5.586476504296595813e-01
4.731399898895886080e-01
7.082479439656153009e-01
8.049416813353816869e-01
2.153799761316193273e-01
5.570892664890660928e-01
1.906321029798714040e-01
3.460216123118076137e-01
6.115790474668637566e-01
8.365663139264352122e-01
5.541328271013150619e-01
8.359120046672795512e-01
3.139190106736964858e-01
5.353636415678455496e-01
5.057943402238697095e-01
5.331847149823519816e-01
4.263787465061756321e-01
4.605376040260807380e-01
2.415458911350999438e-01
2.501606647148258977e-01
1.346267184014073304e-01
5.724825785656328936e-01
3.790939544042571385e-01
1.241156294682338457e-01
1.861034567506393289e-01
3.390236298280024374e-01
5.322016654777860234e-01
6.422318493954995988e-01
9.038076152304610478e-01
6.202212831151572292e-01
4.419508375165369096e-01
2.196931952440784319e-01
9.018053049547395394e-01
9.651499847401734389e-01
5.311217300395455476e-01
5.887248161902937094e-01
6.154259065896744429e-01
6.510945321088631443e-01
3.675027885414373641e-01
6.812367430821588687e-01
4.616234106531165726e-01
9.478711377736478427e-01
9.679644912252490796e-01
9.092258591256590083e-01
9.603237592677525969e-01
4.705186988727071418e-01
6.400396949589078899e-01
5.697629588458141825e-01
1.849468017176306711e-01
9.861680343156207229e-01
7.524895829392584945e-01
2.585050384828069814e-01
4.530552359863759260e-01
8.122456634184990198e-01
2.225757854275161041e-01
6.512927091235380939e-01
5.827103802338899907e-01
7.138112579078919051e-01
1.024020598174003371e+00
4.506627474075348139e-01
1.707046208317120339e-01
2.543413225728437532e-01
6.984746514320718802e-01
6.830828083406560447e-01
3.146289721235060455e-01
4.753107816238941741e-01
4.085686117698061337e-01
4.714858987096123277e-01
5.979624200870354844e-01
5.940898772699810815e-01
1.931723552500956564e-01
8.472680694006202717e-01
4.004841963005367766e-01
5.108475053335341798e-01
9.435647819981124451e-01
6.525368574827384860e-01
7.335955992604231701e-01
6.627995764664494915e-01
5.806100289038136353e-01
5.827864420908501764e-01
7.287796113085284189e-01
1.963717262336332481e-01
1.104453500602125215e+00
6.118522646717886593e-01
2.322320306351615682e-01
5.064698388553923181e-01
8.468013549677588792e-01
3.647928462702585972e-01
1.743524661543712773e-01
3.370936009760575613e-01
8.333293164430377598e-01
6.501812915039008045e-01
6.516836645737872358e-01
3.196351350360559507e-01
6.838449775570700773e-01
4.222741914475674485e-01
6.522943506882052933e-01
3.039943302927932134e-01
4.007227438552523613e-01
3.801699164021537514e-01
4.922970869288131324e-01
2.040026663996218625e-01
2.564529005912217219e-01
6.852030138026961037e-01
4.506036565165564833e-01
7.009928003966573451e-01
1.831964211934115072e-01
3.863032101596247658e-01
3.501765546470132495e-01
5.060773976696217868e-01
6.419510109613864035e-01
5.522690505319016729e-01
3.806356026860666097e-01
3.249250308035209200e-01
1.730772025281615278e-01
7.296349041446048567e-01
4.155578846684028771e-01
4.770537038238992777e-01
4.959054809576750600e-01
3.530789251793595707e-01
5.715952083252929805e-01
6.029650745290499048e-01
3.690363004362499089e-01
6.166725238386758789e-01
1.998769291053826558e-01
9.052491373851027090e-01
6.488793616135108966e-01
4.162177267076226928e-01
6.214093876358822710e-01
5.020738907729789258e-01
5.620569500160381704e-01
5.317345765786024581e-01
8.597436504051315653e-01
4.542922542155241050e-01
5.790032229981393330e-01
5.106807333098820623e-01
9.940043098031525748e-01
3.012174977017603728e-01
5.528414205087988087e-01
5.268852986483989476e-01
4.888019746995319603e-01
2.950875180605933568e-01
1.722240471163476450e-01
6.483915687877124245e-01
6.343436688459491712e-01
2.811301927933637645e-01
8.998623773285431282e-01
8.827568092431457014e-01
1.806964162539564656e-01
2.855125943149356971e-01
2.914736933343069492e-01
6.515544054281660058e-01
3.145265259107203892e-01
5.428937663424684423e-01
6.703845971530432157e-01
3.087821007936055739e-01
3.262506687691968388e-01
6.259453723597747654e-01
5.413136425458455747e-01
5.062625250501002760e-01
3.845843235413445860e-01
3.136107661001459324e-01
7.409995553196123685e-01
9.536567091818488606e-01
9.380785066224239799e-01
9.850871556981195543e-01
3.090391035309045797e-01
1.093858772192702444e+00
5.169337970362736234e-01
8.070344162259346366e-01
4.128251701271396512e-01
1.968801169503509862e-01
4.176242371702749701e-01
4.614227409915094835e-01
7.218584750728233024e-01
1.227782143229165374e-01
4.338110101862395207e-01
8.224711303407062912e-01
3.177936775708115058e-01
4.023876223683383602e-01
9.920820131497941619e-01
4.164519189684945943e-01
5.373185774307621676e-01
4.935494127824466282e-01
3.812689020009956686e-01
3.093491137411977232e-01
4.461445424467587184e-01
7.064197631354771634e-01
4.153423116407752302e-01
3.924701037637678414e-01
8.804194897378619933e-01
7.806612107822017421e-01
1.057893368825875147e-01
8.794108447623406599e-01
6.662824208208479870e-01
1.331694562016059735e-01
2.228316276836328769e-01
3.777099043774393983e-01
7.767097528479641744e-01
2.545505363554714795e-01
8.186708301706432378e-01
4.226822945299821832e-01
6.993692432284474014e-01
2.542189194089845561e-01
3.930201244503594427e-01
6.578348280019932215e-01
7.047865777941920706e-01
2.738869082770472030e-01
7.537592614996401208e-01
1.335370805998239985e-01
5.778846382509025270e-01
3.750482919574881224e-01
7.262377709236490508e-01
2.593741653650702417e-01
8.693073557287972486e-01
7.716363453970299657e-01
3.894281547119542997e-01
6.994488234144730088e-01
2.286471349559544564e-01
3.143518280185432778e-01
7.139163612487436916e-01
4.375641341236002346e-01
1.123862924118670614e+00
3.361173608059157547e-01
3.757039775978150975e-01
1.666789287033834943e-01
4.889344862640955247e-01
2.961046899873104321e-01
7.167090627762897626e-01
5.894054861245051624e-01
4.515444253837650468e-01
7.896033071793042701e-01
1.029333312901101749e+00
4.347082890441487657e-01
7.806398827483924663e-01
5.908208092541314960e-01
7.474912699255716886e-01
4.979859232438191841e-01
7.261904128964247196e-01
5.945827691962386474e-01
4.687050620525288758e-01
3.305334120099506223e-01
3.741539545957871526e-01
3.893158819665638593e-01
3.917532076041567723e-01
1.102635602423410521e+00
6.279899698016576659e-01
4.075673506117588052e-01
5.172452464450733034e-01
1.852813466790752539e-01
4.774223731645784174e-01
4.569942441708093051e-01
4.950228399744777130e-01
6.718866458149826970e-01
4.356775795330731227e-01
1.909183049756315309e-01
4.478161712894813684e-01
1.534533064426780724e-01
4.423986781474025243e-01
3.365732213641097759e-01
8.960503313825540772e-01
1.955392108402880247e-01
2.778812186521675831e-01
3.630026882477757066e-01
5.201447810093684510e-01
5.218904832724555742e-01
4.517584617752743448e-01
6.435745809140422935e-01
3.572271654815076247e-01
5.073789811499263003e-01
3.729356164287378483e-01
2.589942922753540877e-01
5.956566306051566118e-01
2.543705347386052140e-01
3.362297066466435891e-01
5.577706019316860386e-01
1.029828960905349700e+00
9.176050839277647420e-01
6.288596478582193505e-01
6.400094756530955165e-01
7.795434195517759735e-01
2.809952714470290713e-01
5.570569913980163435e-01
4.240776692643850598e-01
3.885609063715662614e-01
2.649098388308533392e-01
6.174371924276615964e-01
3.846673968556451606e-01
7.007614534713668686e-01
1.485369368532890033e-01
5.485520804642457504e-01
1.015393241885979680e+00
7.333102672482771922e-01
3.355340914886500991e-01
1.755262355355065862e-01
6.234539071673916855e-01
6.252168956218451257e-01
1.053715899215736052e+00
3.668353004000608486e-01
6.666204104019247678e-01
5.469573154180809027e-01
4.238167710388217602e-01
7.716263148484174828e-01
4.239530379777484703e-01
3.277740261677914990e-01
2.954560244545234582e-01
8.709846669426299925e-01
5.853320778518634748e-01
4.847592573898326651e-01
8.584359303967822319e-01
1.790638499034652997e-01
4.739305016928470615e-01
3.419652609799775367e-01
3.975482015319030116e-01
4.813974861380870829e-01
2.663206796599520421e-01
4.829950508674509813e-01
9.109314826969541201e-01
1.936791221700212007e-01
3.563141356186002029e-01
2.520232495187894606e-01
6.739714100168361366e-01
3.866995772726657399e-01
3.627622405337276867e-01
5.745029566412617195e-01
2.522518422059535359e-01
4.584575751000004584e-01
5.129730774035463625e-01
4.746972161420543457e-01
4.796074416162669496e-01
5.454280158261228806e-01
1.143439470904601185e+00
1.013687081332570461e+00
3.474683155469944218e-01
7.384339292778846486e-01
6.221724746287442542e-01
6.251802480003287865e-01
4.087890856253046934e-01
3.472515658758465462e-01
6.126170288347574377e-01
9.104186751065646011e-01
5.536362259183721379e-01
5.180987086594452951e-01
1.400856379419160302e-01
2.093173708821648715e-01
7.989081593307675311e-01
6.847028706566076206e-01
9.472880653057860201e-01
3.578055352982950077e-01
1.480938565904094117e-01
4.383790774481744479e-01
7.973236814669742989e-01
2.503654601204533536e-01
3.109592962811398853e-01
7.641839899099748257e-01
4.139469495609389704e-01
5.831781226396719475e-01
1.691071709108825649e-01
5.662439288617833189e-01
4.956895482994335689e-01
5.018324409827903398e-01
1.005287484691605782e+00
3.611113154914331047e-01
9.537768524671430548e-01
9.537660738142951233e-01
9.723609667453897432e-01
7.774686058922790632e-01
2.219654583467806364e-01
2.279231270928262776e-01
2.608167446562222325e-01
6.237341034431310716e-01
9.810906715485080420e-01
6.986489691129060819e-01
8.786242905464436426e-01
5.108349063478067054e-01
8.821897285611907114e-01
1.007034718399148154e+00
4.511904821613355598e-01
3.516159466112640519e-01
5.051773474031987510e-01
3.020253978224332614e-01
7.046182134470103664e-01
8.196860485319387157e-01
6.456220747235708046e-01
7.798425541073112921e-01
9.408147336191898802e-01
3.621388409851662438e-01
3.185588878973715232e-01
7.536315003164131276e-01
1.130075525607401987e+00
5.569532779264093625e-01
4.610324279222600130e-01
1.934842547521906375e-01
1.105429685068533896e+00
6.807717748888718612e-01
7.539412123703306268e-01
2.472181630214394799e-01
2.513661259988890784e-01
8.511337132740147693e-01
6.184776668651033038e-01
4.874702443263810303e-01
6.370700768573460682e-01
6.830143657587248729e-01
2.623111712735404777e-01
4.787816432813967182e-01
2.717524946385651563e-01
6.825341623356963039e-01
8.511676310748150787e-01
3.787476827083029463e-01
7.376461560489262492e-01
8.071117402222147685e-01
7.024516024975915318e-01
6.983509065422277562e-01
3.451811820058511282e-01
4.120530235052516921e-01
1.695612529356189668e-01
5.693900394826096889e-01
4.978737151938966154e-01
6.218526322076473045e-01
4.512315733449009381e-01
4.348940386471906172e-01
7.692067646715238238e-01
5.421246855277481735e-01
1.861876897239038431e-01
3.597832159714354217e-01
9.087925851703405611e-01
4.805640090706203016e-01
7.841981869040909325e-01
4.950961472375194905e-01
2.021853026628324390e-01
4.294324203965403930e-01
1.021424994942530029e+00
6.396629114309045905e-01
6.858342767296451425e-01
8.708891160360877626e-01
5.944698726123585075e-01
7.127943232086635383e-01
3.162626025469812974e-01
3.906506069438887008e-01
8.564998828615574267e-01
4.357481649882311014e-01
4.600904772071693905e-01
3.324101544200784297e-01
3.801215299396979996e-01
5.155552643857629347e-01
5.157928319923961169e-01
9.164339573261133243e-01
3.286616856565354183e-01
4.863974373936787998e-01
2.162615530921550844e-01
7.227440689636255300e-01
2.283424273953749140e-01
5.664316611918903677e-01
6.110958107123554139e-01
5.962892677346347536e-01
7.634998547746572051e-01
4.751563954742152318e-01
2.287171452140124572e-01
4.867155678873247848e-01
2.725232705235792197e-01
4.830257663646694288e-01
7.000037051488986473e-01
4.553009120033086332e-01
5.493012309195363096e-01
4.110770518970711662e-01
2.410608972778055248e-01
1.019463430670159543e+00
1.054097859921323099e+00
1.472429162078415232e-01
1.626222905172281796e-01
7.562381501977194498e-01
2.562123646821638512e-01
5.167696712553729865e-01
1.991180906856875599e-01
3.895246365602416661e-01
2.447284793522906399e-01
2.437873544315231622e-01
1.472385875941217559e-01
2.295220578532430056e-01
4.660855268200372326e-01
3.186074012046790638e-01
6.976473200721747814e-01
3.773341620865262591e-01
4.299833208890456171e-01
1.232757661655934811e+00
7.446331033936044452e-01
7.934510506057828039e-01
3.976044160897613255e-01
5.990952689231133776e-01
5.984416189588085411e-01
7.410149845409388369e-01
4.380345701018890092e-01
1.167053889315065707e+00
4.985049054865148266e-01
9.744046544981012081e-01
8.588985858226705350e-01
9.973248162492950319e-01
7.433450861713004620e-01
7.390351135184637377e-01
4.271417062522124830e-01
1.769816702726582924e-01
4.943135913657394909e-01
3.851637100999426577e-01
7.854789587356558744e-01
5.940346456049147017e-01
8.290521472241964007e-01
6.244140087947751550e-01
4.034919623208174100e-01
5.706782633753001432e-01
8.180055128843287671e-01
5.795026795830260369e-01
8.495128281440998963e-01
6.105094412082699984e-01
4.772005801437249062e-01
3.061739304671012296e-01
5.746034110584438137e-01
4.345648155551281588e-01
2.896875829172816941e-01
7.807043448533832475e-01
9.812982960813051436e-01
7.510200284279872074e-01
9.525427420386124444e-01
6.875568834350150871e-01
8.230800755283979031e-01
3.807968489211848162e-01
6.223951911196654585e-01
2.887544043412321182e-01
3.898300823739074827e-01
5.726510317391012572e-01
8.285653920915292403e-01
9.341761360714945228e-01
4.397887643325379958e-01
1.080726670561600766e+00
4.975012288810176653e-01
6.904049803642786642e-01
4.116716264492162880e-01
3.075381557066989013e-01
5.596803117608301070e-01
6.102743721037492408e-01
1.002716474967009885e+00
8.431654469532859908e-01
8.776171104013603674e-01
4.982531892905255888e-01
3.172192796976027740e-01
7.158447188351044765e-01
9.770100776202054194e-01
4.988827845556834673e-01
1.812958767993156362e-01
6.182400262168442628e-01
7.821572877228448739e-01
8.960697794421859097e-01
5.937680935934489534e-01
7.334874146152647878e-01
5.363548023296871303e-01
5.815002602047399938e-01
3.571052439880000318e-01
5.334651242310649577e-01
4.729491001734438815e-01
7.452322074363941784e-01
5.149348469161394437e-01
9.017478809438904674e-01
4.461369654730090728e-01
3.188391397590861764e-01
4.841624818914165851e-01
6.238697993703455902e-01
4.272567892887760288e-01
5.058628570533353352e-01
2.203021359918765354e-01
3.186414670593715748e-01
4.490723315890418621e-01
1.059764305444938381e+00
4.170119612250767771e-01
3.369954615908697937e-01
1.930272186153329794e-01
1.961685196694729905e-01
6.641657563799038266e-01
9.928386275712162146e-01
5.035957780097288783e-01
1.730932668090267024e-01
8.369390016022215661e-01
4.282356568022920307e-01
5.844171411397168781e-01
3.293214883088219636e-01
5.851808672299722014e-01
3.563348601181433040e-01
3.788853400141130034e-01
5.791817274640027602e-01
7.213971945595860635e-01
2.689721529261004829e+00
6.672484111628327330e-01
6.039845560748947628e-01
9.715244910337333950e-01
3.057373713808623772e-01
4.074319114535197017e-01
1.071652107755907135e+00
4.306794450552622888e-01
3.218035433012772506e-01
5.205769041666162833e-01
9.927414369207916423e-01
8.190434938548836197e-01
6.574438657163764743e-01
8.196040036450458199e-01
2.563882227854696327e-01
8.048620471236498375e-01
1.004778529393046238e+00
6.764016919724099575e-01
5.663046122929749071e-01
6.948176376408601307e-01
7.272121183924641352e-01
6.917342084396228552e-01
6.200299121050529827e-01
7.608616372844813069e-01
8.399412423917655968e-01
6.790541952272048931e-01
4.835695137818883937e-01
7.934253583875194860e-01
4.460204069517348380e-01
9.229627866685138349e-01
6.949381661786169229e-01
7.333700223831726150e-01
3.900882976216865639e-01
6.605715263727967024e-01
4.790314764602355835e-01
7.566926270470600846e-01
6.786354753521302019e-01
9.195458301115797539e-01
5.392183772921791407e-01
1.737668009476122544e+00
4.514485439612557771e-01
1.639869598085028857e+00
4.524103407937896670e-01
6.035777182328937451e-01
3.368771271677454271e-01
1.008726159767316943e+00
3.153316866195662871e-01
5.898747395306176422e-01
2.554536428859935371e-01
7.324471091811212142e-01
6.611666693212939760e-01
6.034468769870215965e-01
2.060458854743472124e-01
5.617475761672899859e-01
3.535436649273989707e-01
1.172362498191985125e+00
8.587293785959145831e-01
4.741500197044249965e-01
4.850065066583607032e-01
5.706444443223724905e-01
4.551884886709307576e-01
6.847701792894227424e-01
1.488174148055154411e-01
2.482762652490057842e-01
5.044175107189103890e-01
3.717799364010623275e-01
6.593303910184588057e-01
3.037460484016323847e-01
6.996664962273724253e-01
3.667617674234774361e-01
3.962108971370704724e-01
4.027159459549297660e-01
5.345669006650249910e-01
4.213500936169794486e-01
5.647869703418672005e-01
4.491102461813969438e-01
4.841658631884789843e-01
5.611748989618814409e-01
4.048271322160478802e-01
2.094276072419917201e-01
6.362925846676665831e-01
8.823649191905048594e-01
5.292195243493390544e-01
2.367806853186449623e-01
2.490985220109778742e-01
7.143925823203950420e-01
3.105059451108866386e-01
6.466747173177099794e-01
9.393612830388371471e-01
7.292810124401811755e-01
6.845419699526225088e-01
4.749574659250574427e-01
3.290366367092412148e-01
4.478443030717512152e-01
7.261958655780195171e-01
1.613801342319564902e-01
5.432729421847151130e-01
5.905171760473977294e-01
3.781858285175531131e-01
3.727849784907839581e-01
3.362348071183783871e-01
1.009913184499749317e+00
7.884964772295584012e-01
9.313083084578305249e-01
8.947609135570999683e-01
6.648459311578798214e-01
4.336424555090201416e-01
5.863049711077331638e-01
6.242249529720766965e-01
4.411236059032449530e-01
4.988153802172174967e-01
7.208703382224140865e-01
6.660305297725789275e-01
5.888075131643466520e-01
2.096590994097209837e+00
3.344046308536326340e+00
8.431787872642347859e-01
6.685945318781664204e-01
6.068462187058600854e-01
8.032081584189650902e-01
7.204294348291803152e-01
6.944128948040108051e-01
7.455740521769232965e-01
4.783507572840838273e-01
6.346718580993225833e-01
5.475597215668602802e-01
8.269234395029286810e-01
3.353719240792090717e-01
6.138037252649691800e-01
7.604479892136689623e-01
2.644548438010452251e-01
9.951291649913985848e-01
3.341801451887246865e-01
3.568532622220080275e-01
8.318313600882039083e-01
4.129115709644876064e-01
4.859755550778787625e-01
4.752408295158089824e-01
7.349837061059941723e-01
5.942126315794983293e-01
6.113762521235084346e-01
2.013083805547080940e-01
6.153536283932952156e-01
7.330069723299810214e-01
9.829449286741201997e-01
7.771252993486865712e-01
9.717258158015645853e-01
8.820779679794671368e-01
6.816753450454343666e-01
3.795808061325045557e-01
1.202675502508242955e+00
9.442267816892508936e-01
7.142230201952435298e-01
2.706365921758369097e-01
4.249666561523811614e-01
3.527897476989950709e-01
1.289779255375668732e-01
5.297340246530476415e-01
9.908769493660749550e-01
3.054482360102338534e-01
5.659963135571495219e-01
4.543893215237977956e-01
2.395531694191328498e-01
2.218577132973196531e-01
6.967449254919703128e-01
6.026328709483400603e-01
2.731524590060959157e-01
9.361432642843059426e-01
6.945863337726320141e-01
8.331422136289913238e-01
5.020459549453416548e-01
1.746683295588816076e+00
4.102631883767906551e-01
5.223328263754691836e-01
9.929422802896750166e-01
6.647317872503676339e-01
1.427306599774826601e-01
6.924655914114747901e-01
3.038971233291485885e-01
3.403292797326390451e-01
5.906982335851729271e-01
9.982228791845542126e-01
5.035411772066510361e-01
8.421501003285072340e-01
6.196944802905517413e-01
8.752329988834607333e-01
6.400914529442238710e-01
6.725900234765214147e-01
8.830377891306812055e-01
4.919262542450305031e-01
9.287553310580984878e-01
1.457460913398805236e+00
5.574029694329076801e-01
9.697724915496377385e-01
2.002607154707251591e-01
9.387301878625047280e-01
2.976319382496926402e-01
5.363829128894617160e-01
5.111227167376111158e-01
7.224603493665062715e-01
1.154688808671405331e+00
8.212603174373452886e-01
5.535355360434784933e-01
6.950915582431411721e-01
1.310601357313762261e+00
2.647658352951318683e-01
3.444537531980251255e-01
2.634837008025086580e-01
6.020907073078156646e-01
3.552907841509834741e-01
4.511031259086850098e-01
9.818125372429016284e-01
6.305888556052049454e-01
3.454143083566767469e-01
9.385708166612385384e-01
3.946706098286234532e-01
8.392972485906594060e-02
6.098110777166493301e-01
4.559829427304066263e-01
4.769860967562143950e-01
2.500561520876766752e-01
2.553578557564133433e-01
1.041915777550802114e+00
4.663448041123013921e-01
6.215720636774365593e-01
9.076109272982153531e-01
6.262308857982941124e-01
6.928233706192956642e-01
1.192716302579825305e+00
2.777147093440902603e-01
3.941159490743352256e-01
6.445169889431152654e-01
1.022241761066244203e+00
1.272806134468515538e+00
3.732225794671744090e-01
9.983023592364588250e-01
4.295238762557561651e-01
6.218316422398364463e-01
3.767951721672921361e-01
5.248151488287580158e-01
8.293960856342369459e-01
8.942056055055080943e-01
6.291310453887108967e-01
1.190037310256337327e-01
1.598745604347917293e-01
6.953949594556674274e-01
3.254235930001123100e-01
5.318787547732981569e-01
6.565909485465930562e-01
6.098275913453781172e-01
9.409851716106545361e-01
3.541891417171318057e+00
2.715222910812252199e-01
5.933274837602851015e-01
8.810831195334543064e-01
1.165989897933527697e+00
4.773723729315636488e-01
1.556233863353525537e+00
6.247831660979399349e-01
5.008262990232811296e-01
5.594103999455481979e-01
8.141960543672154271e-01
3.632027750437781810e-01
7.225792696767963097e-01
2.382445349238440091e-01
4.350328282937965252e-01
6.240404462637594296e-01
5.435310743194342598e-01
3.327308411827147316e-01
1.594484966921172475e+00
8.221091329774464773e-01
6.334838579733576003e-01
3.359249017636697365e-01
4.090736022420189411e-01
5.141540705899738661e-01
5.985861582502086664e-01
2.746482191777377402e-01
9.053365494039431471e-01
5.607518318675538405e-01
1.147253117362486918e+00
1.745104547153927044e+00
6.932740979383403834e-01
1.468131811697836797e+00
1.047351387654334332e+00
5.098303308508174148e-01
4.714861673709255796e-01
6.874439020196845274e-01
2.821882828404224663e-01
4.483187978345544167e-01
2.707070524884006568e-01
9.408734584640926490e-01
6.140766699317008470e-01
2.101356548283688785e-01
4.628504041965074700e-01
6.592544152799342250e-01
5.134778809853658421e-01
6.790757709556711763e-01
1.047337214349005174e+00
6.650283632581156512e-01
5.140239049973016616e-01
4.619468239728946046e-01
4.358452830405605827e-01
4.213698389415869716e-01
6.391012660362845876e-01
2.923351559607424432e-01
4.538942207047673705e-01
4.194251092503035738e-01
4.579493846382411415e-01
5.485681862859389524e-01
3.990397686416725098e-01
6.813098352433414329e-01
3.824601713383705692e-01
5.974162783928409493e-01
5.368601551072298417e-01
3.142504512768486413e-01
8.632270784675952768e-01
9.980451019915719257e-01
3.319242553395092554e-01
4.766901859274103037e-01
3.565695662947434008e-01
4.304579788651119454e-01
7.088501692231029550e-01
7.929534021476228878e-01
6.446307424970033617e-01
7.774841183000683609e-01
7.653540890117130902e-01
1.281047923924600207e+00
6.645653298695253230e-01
5.753390207120117061e-01
1.012970205622103270e+00
2.738644592208062112e-01
9.689129674877028364e-01
6.556032371788615976e-01
7.208869473272224715e-01
5.219082046227478955e-01
5.098850554681272351e-01
1.120643213846819197e+00
6.710541479494681605e-01
5.292336534757647870e-01
1.011273908044257652e+00
2.542127158739034831e-01
5.000582577145481489e-01
1.270183143746702381e+00
8.127520436762077916e-01
3.058802126521434350e-01
2.558515930807508720e+00
1.044575225978863875e+00
1.757721412902881475e-01
1.360722192982822598e+00
1.581618045693144181e-01
3.997149668987245441e-01
7.854060722092748303e-01
5.527902942830706934e-01
7.994211788379500527e-01
6.747719741183363373e-01
4.354389181385118768e-01
4.863121346931787436e-01
5.398269218301418038e-01
3.788040777642043277e-01
1.498184376729113199e+00
9.582383693256978363e-01
4.627436533237871963e-01
4.792221646375358080e-01
9.799983194254703323e-01
9.523979492855264573e-01
5.937660176474384155e-01
6.169058889913057175e-01
1.915573773026476856e-01
5.991826826218241697e-01
2.272648256518858545e-01
4.783434463590045538e-01
7.691471084221717103e-01
1.134671488899556158e+00
4.673844785514515432e-01
2.905710130764200261e-01
1.219054006014802294e+00
4.632169296839389605e-01
1.024711343656171891e+00
1.011188309740255642e+00
5.127496811078370298e-01
3.667986679434910302e-01
8.266535311370278860e-01
7.261659510519931082e-01
3.526255370068484551e-01
1.134059589728605877e+00
7.416762584954131876e-01
2.737956193026427343e-01
3.003787205420955231e-01
2.385682613923891526e-01
6.929963116973077986e-01
2.357068490640453207e-01
7.354084577244709431e-01
8.061498357709507845e-01
6.150339031513952781e-01
7.425153214402276936e-01
4.414804619717867529e-01
5.647998804768944447e-01
3.808286465486188654e-01
6.720120795392569013e-01
