9.602512400877365462e-01
8.405081054494253356e-01
6.282756901126710369e-01
9.548478037769129179e-01
2.346113205978068716e-01
2.750478672165962771e-02
3.835656237175365524e-01
8.900565097508666978e-02
6.920025829512192750e-02
1.088276017553013952e+00
1.044596176336597182e+00
1.324630436320115789e+00
1.474127378800820454e+00
8.288650725031304622e-01
1.232690166292843559e+00
1.123548724925691245e+00
4.242031947887671128e-01
5.809013229030023373e-01
1.384095011684654652e+00
1.013399100068240077e+00
5.443734443850755111e-01
1.100859697261856507e+00
2.142253437498697899e+00
1.623578056356404620e+00
2.726697448464467932e-01
1.140167263258520691e+00
8.087440730163901748e-01
7.022349412317370199e-01
5.998426489124025762e-01
8.507311168820640424e-01
1.569864285517003299e+00
1.585438455327749852e+00
8.310081041278568614e-01
5.491600254165662776e-01
1.107318764913039599e+00
1.457689744841578872e+00
9.722042006950130100e-01
9.473465298411127833e-01
6.491731928443477129e-01
1.059068095728860959e+00
1.434664591274857015e+00
1.469196363690777329e-01
1.093328096163797447e+00
8.393140502955246385e-01
8.751593558810435436e-01
2.544528694352878873e-01
1.223199067068786006e+00
1.070094233736783584e+00
1.036396908663444361e+00
6.755433615296381200e-01
9.425883756401652880e-01
1.479957106605566119e+00
2.093850064240258546e-01
1.202901946484757623e-01
5.724679845118403609e-02
1.266433225068622104e+00
7.502040539997415491e-01
1.405799140955359183e+00
1.056820172427115345e+00
7.195084894272419929e-01
9.142310975751185564e-01
2.745622374230003437e-01
1.042857765396320469e+00
1.959202839648217953e+00
9.191247540845776109e-01
1.187387058880695623e+00
5.551586360433604650e-01
6.324917639370826183e-01
1.457368664123683821e+00
1.206530205168018899e+00
1.018067388313815380e+00
8.630013617177815233e-01
1.809048909213290646e+00
1.158649461630345989e+00
8.429156814639093831e-01
1.137633009592526223e+00
1.346529226854628725e+00
9.074476654050209756e-01
9.666503584018728557e-01
7.314893559251579580e-01
4.831946311907921177e-02
6.530740129373030500e-01
6.217285176788202028e-01
1.229798063555974874e+00
1.105180634040065835e+00
8.476816706484506803e-01
1.934829270289489367e+00
7.224472020023495755e-01
6.185551784391917218e-01
1.215437095579165572e+00
8.352000991129842067e-01
6.087982131508162809e-01
1.054203781093226100e+00
1.192250547008468109e+00
1.842485262706540894e+00
1.119451639051858294e+00
1.574748106595825314e+00
7.562736903165290236e-01
8.809629272306634951e-01
1.489006279774288899e+00
6.078666682203508476e-01
8.974892168312894603e-01
5.174800725707342508e-01
2.481606974843949320e+00
1.660447574683720617e+00
9.854867198071557421e-01
2.055425235395598627e+00
1.203208311696110755e+00
1.408010897093501246e+00
1.501520104645331366e-01
8.560474901576992091e-01
1.364484515270669496e+00
9.289484475849740797e-01
1.502265861876292741e+00
8.279254999684962923e-01
5.076892264881432970e-01
7.347650313132129130e-01
6.522181398970789967e-01
8.501428738672017760e-02
2.122344627950829121e+00
5.735395166755704599e-01
1.671619309196146874e+00
6.581939457114119874e-01
1.057279321229599889e+00
5.437587071663430027e-01
5.676098553744111097e-01
1.150024258437182478e+00
2.376484864419368681e-01
4.358646238996225497e-01
8.349874868768062397e-01
1.308705019876484688e+00
1.238854931892635403e+00
9.915061817591301896e-01
1.291032809469188081e+00
4.063708837317001610e-01
1.248058369060912387e+00
1.466801044079159677e+00
8.387445427935594777e-01
1.425824853742383880e+00
1.389878073772988776e+00
1.566996296332622718e+00
1.607318991136839959e+00
1.150931608155972397e+00
3.185952528798711159e-01
3.075062930548118634e-01
3.819698281860268163e-01
2.048240378353585633e+00
1.335862561646259827e+00
9.808674811597092313e-01
7.043752406934796761e-01
5.264489877490911018e-01
1.118404596130023076e+00
1.172930301942773479e+00
7.801028264439758830e-01
1.885510661155875400e+00
8.562239911977297391e-01
3.675175907219500604e-01
1.385043939592373263e+00
7.467642802146484682e-01
4.967878069178772171e-01
1.751803129796328129e+00
7.616525839331190761e-01
1.142496925537458186e+00
1.648904508978352501e+00
1.123269560285672819e+00
6.595760047631765710e-01
9.809175123135689400e-01
1.556008524438655671e+00
2.348986197315777069e+00
4.923321605571811532e-01
2.029778564251558670e+00
1.078561221708867812e+00
1.278462784537421459e+00
1.779081465481734403e+00
6.812979431820163079e-01
5.364035194112490856e-01
1.192963411440148391e+00
1.065876278583608672e+00
1.081374171198365292e-01
9.817325750156944419e-01
1.268222729576317986e+00
1.047718155205027202e+00
1.225391384645345694e+00
1.407915474263220779e-01
1.348750645142875904e+00
1.160914012170672222e-01
5.667910343119010319e-01
7.275893379864113442e-01
1.524883576002813435e+00
8.839947688508863477e-01
1.360209568287259696e+00
1.616416636305134880e+00
1.700574042449832568e+00
1.265823369348000549e+00
7.235693987921797410e-01
1.142340171052365738e+00
1.023544416123236989e+00
1.025708613527769320e+00
1.067353244682691882e+00
5.969856894559332217e-01
1.899272405620012094e+00
1.314450960695438264e-01
5.132147554314693272e-01
1.553390774030512178e+00
4.211289496341695804e-01
1.500513583367619086e+00
1.314639817043830483e+00
1.075596913695006984e+00
1.352355263551749509e+00
1.023276821859693708e+00
5.463050610655640488e-02
8.333452114720484305e-01
1.546844567256393521e+00
6.861142555685306732e-01
1.207797031069531846e+00
1.339764085561069518e+00
8.486975333913346908e-01
9.312270166133476135e-01
1.735859815136186812e+00
9.550112019144729736e-01
9.612149145321945420e-01
1.252097532700999105e+00
1.319227454216903128e+00
1.974708706190580809e+00
8.715492349677242956e-01
1.284930544652709727e+00
1.413220632241605657e+00
1.261169383766054919e+00
2.309915921738997735e+00
1.062818879938982164e+00
1.191174502268448343e+00
1.582367486301482495e+00
1.103731968147435349e+00
7.787266890305408751e-01
1.000198851585463622e+00
7.300271118416572502e-01
1.343168394043486202e+00
1.316835539554520595e-01
1.474390144802371738e+00
1.180565847527382112e-01
1.173649952483734715e+00
1.243325069195888588e-01
1.240536361669215132e-01
6.355205592556123495e-01
1.173690896186993848e+00
1.152520948610580298e+00
1.556422150114232128e+00
6.770147935335379952e-01
9.587918331632971913e-01
1.397168229458509714e+00
1.399213469272863719e+00
4.355768656302372310e-01
1.226943703021305510e+00
1.574100493488282515e+00
6.516548110478485034e-01
1.781620847506569572e+00
4.032609637455352170e-01
6.316056420439082331e-01
1.790958282315353811e+00
1.018539126393549710e+00
9.651503492593458411e-01
6.028963592867564447e-02
1.259062487096981542e+00
1.003370093290270049e+00
2.217531241546769838e+00
6.670304150204089400e-01
9.782561465180925619e-01
1.264168297311991651e+00
1.017998980183452140e+00
8.976983397162715539e-01
9.254437117341404173e-01
5.175538062911938519e-01
7.042120615420188745e-02
1.766175563660073333e+00
1.022844480261781097e+00
1.146766047479873540e+00
6.049914543062380190e-01
2.070418693387697129e+00
9.018567552892021721e-01
1.207054179604645006e+00
8.291984853668459277e-01
6.530300157902778624e-01
1.958336848137031128e+00
4.892877693414732221e-01
3.925661323855155205e-01
9.650593897565556967e-01
1.666456702574443893e+00
4.114365410963793379e-01
5.261037432538765435e-01
4.138619162966906129e-01
1.114528843170931705e+00
1.672824989908066051e-01
1.238915153558362237e+00
1.076632505333978695e+00
3.940157419274409878e-01
1.113638649575184658e+00
1.464128450795809000e+00
5.252179909069796260e-01
1.141607470813457814e+00
1.047413030305111903e+00
8.876838438088048289e-01
1.451743137387768279e+00
1.449926034070393444e+00
7.200694160948429845e-01
7.812840408919985435e-01
1.834921474321214441e-01
6.670211091811595328e-01
1.036576397532750882e+00
5.741060054043598537e-01
7.495716505632583626e-01
7.173314966127309900e-01
8.114189914860965303e-01
1.080926684113935332e+00
8.763579807601594718e-01
6.663693523091500648e-01
1.540788069703911356e+00
1.380944966429366871e-01
1.092510066654681866e+00
2.610163874406081774e+00
6.716995874610802719e-01
1.892172566579633175e+00
7.574449169655197434e-01
6.872313843029373981e-01
9.499983001196203869e-01
2.044533186760050469e+00
5.424866875672366140e-01
1.172120502589765856e+00
9.799051418797616320e-01
1.673425583801054328e+00
3.951434589251784368e-01
1.286951229414815545e+00
7.340496775782424654e-01
1.202364569968835450e+00
1.123552961915276649e+00
1.080142177793629754e+00
1.385337736989700197e+00
1.263482116993286386e+00
2.610436439196590630e-01
7.623411148731115139e-01
1.342606737735071665e+00
1.579438719223048793e+00
8.702996055534226727e-01
3.943895370030039427e-01
6.518994625959796674e-02
8.755936306019325155e-01
8.076063091958911588e-01
7.895803608032133658e-01
5.876143534932384282e-01
1.713988343392915503e+00
5.114195359367139371e-02
1.014551991963670435e-01
1.281574346915777873e+00
6.478099625492205194e-01
8.885773863198962452e-01
8.062728660676584669e-01
3.727529768765099893e-01
5.761898206573239367e-01
1.123569068014343308e+00
1.356068250429090849e+00
1.685286559809836993e+00
5.915644500616685786e-01
2.521519941857299218e-01
1.627182180160979541e-01
1.130538077745987469e+00
8.692723412247016501e-01
8.865747785842900131e-01
1.465345614554028619e-01
1.027167492167978313e+00
2.042563387209808567e+00
5.867615028101973440e-01
1.067157956878287850e+00
9.128572931174141480e-01
9.946277567139931719e-01
1.216653856678335144e+00
1.066892568115761719e+00
8.083678699755740826e-01
5.399760985368836641e-01
1.594244802565666141e+00
8.471665206595255793e-01
1.249291350730517225e+00
4.682958137384646835e-01
1.221639725615681238e+00
7.618472680836021471e-01
9.343638062042114445e-02
2.234656006687038232e+00
7.982383473517923322e-01
8.415723793246442375e-01
1.316113414657771097e+00
4.598546047063954423e-01
1.614188840352715815e+00
1.111716468995991747e+00
8.447271514558705174e-01
5.685377074931236008e-01
9.820781392182756919e-01
1.110982733155567503e+00
1.096638995190905463e+00
1.644551465915281563e+00
1.084641385915286582e+00
2.892338147931222125e-01
1.270175238507183391e+00
9.676017267208743000e-01
1.111519912253502440e+00
8.165783415953467017e-01
1.079839943067479213e+00
1.113019584395644968e+00
1.928794951259322099e+00
1.339508115340197092e+00
9.974177016415943786e-01
1.202162247910338877e+00
1.106565421728216592e+00
1.777986545150108677e+00
8.924731106298999794e-01
4.066009918130532586e-01
1.334680242456406374e-01
1.166001453229721152e+00
9.798015365571220991e-01
1.979647971390138039e+00
2.262204613375011775e+00
1.093988737723266214e+00
2.335150685554406191e+00
2.026805184678203808e+00
1.547510026952481743e+00
1.559139432526491564e+00
1.690043444213706059e-01
1.321726119765004981e+00
6.431927759892854812e-01
1.403279236174371780e+00
1.951954220533855588e+00
7.227854979257264390e-01
1.146820172410832006e+00
2.272045169152817623e-01
1.414549125026316689e+00
1.008645997386769411e+00
9.462034331332398462e-01
4.643850458440323958e-01
1.159654151645723719e+00
6.424246799762142190e-01
1.199174725909887718e+00
1.753272604449784611e+00
9.104746489708039903e-01
1.818911191728202592e+00
6.336158487421433838e-01
1.241509062881390069e+00
1.653368061507602738e+00
6.813165875891038503e-01
9.178535412957787853e-01
1.299300727277722833e+00
1.108425098043226420e+00
1.152324934541350876e+00
6.898497531210191491e-01
1.420771096072239725e+00
6.994360680741861236e-01
1.743128370718187992e-01
6.483608779893448304e-01
1.247020486671926998e+00
6.705517042088869895e-01
1.052520143761953131e+00
5.244052125905075412e-01
1.497533287913033195e+00
1.132580674778904672e+00
2.138600479264252119e+00
1.437454774456510043e+00
6.625143560114697960e-01
7.022886940704206049e-01
6.910234198504039416e-01
4.593449123992925376e-01
1.094322598926123380e+00
8.696200023441700289e-01
6.870678093729063463e-01
4.791534170252991776e-01
1.039320686386118409e+00
8.812364089160357183e-01
6.835568091017190095e-01
7.427600411781475342e-01
6.666680693883390019e-01
1.382892294876402195e+00
9.423788696229281614e-01
1.475097419163359236e+00
3.190136655105368924e-01
5.732991128535867009e-01
1.020083357239727651e+00
1.454168678763830824e+00
7.226332145719970290e-01
1.017830470440378665e+00
1.425027334278164082e+00
7.973257318351287815e-01
1.714066021602266954e+00
7.394334243754807634e-01
9.357258889547045433e-01
1.134623246958420983e+00
4.136050022861924580e-01
3.489481427210523456e-01
8.236267798533518647e-01
5.970494889772453018e-01
7.131186620435754353e-01
1.678697833542656337e+00
2.017522669957426906e+00
1.438593319891861899e+00
2.593257276956877910e-01
7.111862835384681336e-01
1.614629034711318800e+00
5.653545829754373919e-01
1.261880681165174378e+00
8.375528580466686801e-01
9.251628261177898827e-01
1.931147430437045953e+00
1.108859049285696008e+00
1.257613904133124461e+00
7.925731728386745667e-01
1.031043521596282542e+00
1.796570444885212003e+00
3.323222825806155800e-01
2.229586918810993357e+00
1.094854717375577158e+00
2.903955203052634992e-01
9.556916783371457447e-01
1.151860023159764213e+00
1.641556454194013526e+00
2.057716326890580927e+00
8.389237085761929169e-01
1.054701589008038676e+00
1.031443826088487281e+00
1.281543850246283034e+00
9.150323137937556028e-01
1.444759386926118827e+00
1.702745844790199969e+00
1.486410472792159654e+00
4.949409178838452550e-01
5.465181630488039621e-01
1.182838504822969261e+00
6.822597656668691890e-01
1.646728410406830267e+00
1.455664125299679590e+00
1.560169990201246693e+00
7.173582108572054139e-01
1.103115683876130099e-01
2.491633502346946860e-01
1.758477771231694797e+00
1.168534443108163678e+00
1.703181026136646459e+00
1.850871711907952299e+00
8.589184102172623403e-01
1.253149891597675758e+00
1.326072079978929619e+00
6.384660735741712889e-01
1.944154376152182895e+00
1.077894150366350834e+00
1.223192431818958426e+00
6.674544653424395735e-01
9.935530656449433895e-01
1.773355426033278226e+00
1.014429054268116914e+00
1.429683187679575029e+00
1.703632944756811041e+00
8.768948433404768483e-01
8.081320082058818244e-01
1.001897672638471848e+00
1.125306409615423275e+00
7.587345924331654334e-01
1.738457479929597316e+00
7.867099755648178094e-01
1.269759072297425018e+00
2.012464880265385947e+00
3.301616341685219558e-01
6.316816644562193162e-01
1.036922183640699879e+00
8.747233884963648842e-01
1.329748649810844841e+00
6.343246189522510070e-01
9.977599168033526311e-01
1.052321613275295942e+00
5.120907723040866166e-01
1.938676263479621298e+00
1.561345734483478687e+00
7.403843909125134015e-01
3.581692968023791335e-01
1.439812149056681201e-01
5.611213500166555013e-02
6.874709191702896849e-01
1.224382982621665672e+00
5.657970171889514788e-01
1.178381515374659960e+00
5.567704655837696359e-01
1.373112563717608037e+00
3.060831278830765667e-01
1.483613214941499558e+00
1.388928735124799863e+00
8.942442914938533161e-01
6.485208302555944826e-01
2.898855428130098666e+00
1.093812533107393348e+00
1.225028964316905444e+00
1.174961413009861566e+00
4.766478815687685833e-01
7.634498021150457614e-01
1.233036211012617400e+00
6.064412968666484938e-01
8.865493398924847446e-01
2.923505984526520995e-01
1.303813445837285423e+00
9.757985627412265606e-01
1.002436760915766722e+00
1.993830675899697757e+00
1.221868136660888782e+00
3.028215800515902112e-01
1.313415506009601774e+00
8.007672908137615231e-01
2.250851648460477639e-01
3.721780553626726218e-01
8.695811386118985631e-01
5.623318644485018059e-01
4.279250897417045119e-01
9.830560265543439868e-01
1.080451560091267638e+00
8.161471050570097141e-01
5.833306889154522556e-01
1.449359883223144241e+00
7.002033116447440309e-01
7.258941275460845111e-01
1.181012044547805839e+00
1.423999658612779662e+00
1.282773790731458252e+00
4.981235927423652843e-01
4.495985479237200044e-01
8.977964080460828500e-01
1.005834534479044473e+00
5.276118442533933584e-01
1.171416301760454637e+00
1.050007143701143342e+00
2.215680134069908380e+00
6.338371658193382441e-01
7.786693111972968762e-01
1.189706353092066848e+00
5.939037780846483372e-01
9.044821493581399752e-01
1.403686272674798285e+00
4.243994958852448929e-01
1.038916772428495561e+00
7.761446023005480477e-01
6.370096749324127838e-01
1.088952505413882221e+00
3.824685985120029330e-01
8.142162523852480849e-01
1.094257485657299078e+00
7.200091313345864663e-02
1.340053249278962078e+00
3.437468767539288428e-01
1.049402716751657749e+00
1.004027025812537000e+00
7.688506737983252792e-01
1.962078136680804219e+00
1.055202775055433362e+00
1.367849262885051598e+00
1.854399507499711941e+00
8.009494449836490615e-01
6.453157552770631966e-01
1.118651323675868392e+00
4.070735689008121994e-01
4.610410461383693953e-02
1.229237499650807308e+00
8.694891026311588611e-01
1.214815310951889327e+00
1.268782053721126069e+00
7.194535650706672669e-01
1.305226451856385639e+00
2.201332320331980119e-01
1.238478567024559052e-01
5.847862489407856801e-02
7.025147664552741089e-01
1.284549848335319322e-01
4.916239070945011558e-01
4.996824373260010110e-02
2.134612127244624458e-01
6.658166896484279951e-02
1.425428843615331453e-01
9.712153819088774342e-02
5.106567471656973944e-02
1.449609290653132709e-01
1.127439243132619673e+00
8.919007401333047813e-01
3.604466518482175169e-02
1.754450305611907901e-01
4.522006710711511807e-02
7.822493740166313048e-01
4.734899028946760319e-02
6.160928071301051689e-01
8.656297030062010123e-02
1.056792613516511006e-02
1.078292081759970600e-01
1.018395751262072269e-01
3.862273859019649258e-02
6.327491966915234356e-02
7.314997492137588209e-01
4.010812757526993622e-01
5.319307205111738490e-01
5.347970753125618204e-01
3.761339940798272968e-02
1.125840395826309237e+00
7.937478779263059669e-01
3.849192079652552501e-02
9.266394118216378373e-02
1.207418128694824483e-01
8.833764905425757208e-01
4.251055278467259085e-02
1.078456313915026610e-01
6.831366295813362521e-01
9.418947352532023309e-01
7.675569888476317937e-01
9.208144771245284632e-01
1.784813467922247154e-01
8.580036478829091706e-01
1.956416809482693364e-01
4.096253880303686590e-02
5.579618229885408009e-01
7.553240389707642499e-02
8.389563434330179481e-01
8.099482075376105428e-01
1.720480998716716337e-01
5.832808251485874784e-01
7.559711233275119568e-02
9.538352101430815910e-01
1.611129723149725412e-01
1.441617246341289349e-01
5.010076667204674261e-02
6.245318693850936825e-02
8.740606578653731251e-01
5.345994644228186932e-01
7.442592417675985006e-01
5.017787745016952794e-01
9.262754336106171493e-02
1.118229841607932373e+00
5.999948338306337892e-01
1.030080961467300105e+00
9.637355691713254124e-01
1.155058017805242754e+00
7.806833280703608102e-02
5.677595174682666945e-01
3.941342928895925080e-01
1.438144993645460168e-01
5.865608034688938321e-01
4.349680567449025481e-02
4.451809668869428221e-02
4.871672673984658170e-02
3.872163864926370103e-01
9.058582536609022240e-02
1.001488394939479831e-01
5.065026718210014628e-02
6.123181643739873392e-01
5.848792660761214374e-02
7.134093726301068972e-02
4.459158110819573528e-02
8.801684869583731308e-02
9.665318132277775920e-01
8.856239882226112081e-02
1.147583209222683004e-01
7.635873049377528421e-02
4.605862100619578792e-02
4.148549894634280533e-02
1.402072386283450267e-01
8.025776878257324665e-01
2.089877582813296497e-01
6.059194691349000655e-02
5.087613039599243603e-01
6.705816091652825328e-01
8.901280282009366163e-01
4.846925940923665910e-02
3.198362458654582241e-01
5.373614835233841980e-01
6.036120149870581597e-02
1.057014034970580468e-01
5.442512460712774919e-02
3.500044815004788590e-01
6.586298033744883429e-02
3.377063546699846097e-02
8.177063357405961463e-01
8.831638533213563569e-02
8.694333657536566784e-02
4.302796473037907576e-01
1.230660281808324819e-01
8.728000957366834900e-01
7.838284415152108053e-01
5.398762217193943391e-02
5.192455389609696575e-02
5.114069241216354783e-02
3.106814551761294396e-02
4.723214084122496770e-01
5.990542044580884212e-02
7.992941629547024862e-02
2.280732920580679293e-02
4.759379311620164921e-01
9.062399245450412921e-02
8.829218943624247418e-01
3.803392818313854895e-01
5.347018806992359652e-02
4.703707894615247187e-02
1.514355604526613219e-01
8.166752134856488654e-01
1.505092370497116694e-01
9.768586504450527119e-02
1.632086058438432796e-01
1.859649210464299832e-02
4.893900712169986511e-02
5.936499407557662700e-01
1.344553332954808500e+00
4.994017830993299767e-02
1.937909014871582736e-01
1.809842362462958099e-01
1.438101294035714350e-01
1.138212029334964293e-01
3.404298514901950290e-02
4.100247932939860007e-01
2.445832671770654942e-01
1.007956910122515426e+00
7.613685781205277447e-02
1.139728404224276265e-01
2.610516768815396293e-01
1.353898468387181031e-01
7.844766705048950017e-01
1.166244005523332794e-01
2.529748083264719005e-01
4.989328917408598907e-02
4.140233569403622416e-01
7.405078379971348490e-02
1.740505614028030057e-01
4.367086978383349916e-02
6.178569478290864281e-02
4.291290801369560676e-02
4.267084007589717065e-01
3.087318038201733797e-02
8.773767248766121962e-02
8.751558736530353766e-01
3.045919769344991312e-01
5.628127122618168526e-02
7.662243142695976394e-02
5.573083664981323126e-01
9.225899859175493156e-02
3.906284404748411321e-02
1.273527715702804652e-01
3.889806676677606823e-02
5.860701983281012273e-02
9.880109899379968530e-01
9.692593817432972880e-01
4.364726769795681527e-01
1.248881386841370622e+00
3.870215555214325809e-01
4.947105801289051197e-01
6.585269799958153314e-01
5.504640741302353479e-01
5.238836532475173169e-02
1.010684253516529879e-01
7.914260547652504640e-02
1.490582634967014264e-01
4.528791329551684619e-02
8.507406965912400754e-02
7.494473070745438781e-02
4.206189923945810594e-01
1.063435214680229501e+00
1.175916876438166225e+00
1.479828997044840277e-01
8.626920138653150216e-01
4.152525799808209905e-02
2.027093084637671405e-01
1.057370149440186730e-01
3.297430625291911666e-01
2.055291349833644754e-01
6.126277829163533778e-02
1.184153737140457352e+00
5.244322039555313758e-02
7.331309058024565450e-01
6.442004604363750497e-02
1.493240305642834220e-01
2.604558528740548787e-02
3.153483169304621692e-02
2.332260758734410466e-01
1.023864958480737858e-01
2.317506123327728873e-01
4.811927132508198729e-02
1.896410545115079782e-01
3.111758593114346411e-02
2.879399140564444237e-01
6.517457492382714435e-01
7.134974425023399812e-03
7.026525407112307886e-02
9.408365751783153152e-01
1.625153360783288259e-01
3.459475519912643543e-02
4.541765800323803448e-02
1.056083623189088966e-01
8.354851507838031432e-01
1.976532011402051536e-01
3.327027409656050372e-01
6.460611748953436206e-02
4.763476539532320031e-02
3.008414793924970021e-01
1.409412331638341120e-01
1.020126990892052721e+00
7.586246164834357097e-01
8.644030465502192118e-02
7.978280288800595477e-01
8.320946869093838183e-01
5.669454269892398868e-01
5.445459810999181416e-01
5.590204449316924507e-01
8.827802465491740858e-01
1.907684234218091635e-01
5.220829453313562130e-02
7.583814078079258170e-02
9.363929303018631023e-02
8.661500805968185279e-01
1.768493270408400264e-01
4.483302207022090563e-02
6.901626385798667052e-01
8.561562137791528526e-02
4.880070038933661536e-01
5.178909490032992391e-01
4.601897777545010948e-01
8.131805118666971532e-01
4.689014629440315662e-01
1.116052172894641092e+00
3.380678909752827255e-01
6.680184064295219271e-02
9.702435680300698639e-02
2.137009351298121140e-01
6.773437020058309388e-01
1.391193056049028209e-01
8.240047247531236130e-02
6.308155476196581901e-01
2.489283077511911246e-01
6.348240421962676738e-02
7.882043044863089598e-01
6.721686316845376652e-01
7.363716475618974078e-02
5.179057134718760558e-02
1.339479074706189377e-01
4.499074847337739685e-02
1.581676105783171304e-01
1.159612350025531480e-01
8.216468371022642159e-02
7.777152208455730964e-01
1.021386763903659595e-01
5.893599158031126439e-01
6.448769191764152087e-01
4.724994703135323298e-02
2.020587433398473298e-01
8.374859835503573047e-01
1.365655421642711087e-01
1.574069865978672544e-01
4.809192732017845695e-01
1.093255921609032760e-01
5.803059689225158468e-01
5.053737348813789332e-01
1.078005383327207967e-01
1.882808690653304806e-01
7.449726353836264581e-01
6.079002977035584676e-01
9.437442888518268735e-02
3.998769205820279504e-02
2.393010919964200234e-01
3.952261836061447819e-02
1.139260532359147871e-01
4.548803363199283717e-02
9.138129148423534964e-02
9.024758395973861980e-01
8.572372933680538765e-02
3.822965071120099784e-02
7.019464401458989089e-01
9.218478208864140655e-02
7.393078815622468325e-02
3.037702451882137028e-02
6.115805207781853658e-01
6.044756643113597949e-01
9.378620028663310348e-01
8.416977564890311125e-01
3.324150507676492672e-01
1.052610792201003953e+00
2.943588762580509957e-02
6.103161281617819345e-01
9.198831115985430795e-01
5.308242961801161730e-01
8.836869796733513860e-02
6.754316703064680572e-02
1.570180268714702898e-01
5.884072353993392568e-01
1.511603112644715474e-01
5.974158725948949117e-02
8.077237969896899905e-01
7.001612406438223468e-01
1.177736114507574205e+00
9.405852943750144801e-01
4.398774245103177494e-01
6.698784030401286893e-01
2.334130053653474257e-02
9.327244573075393896e-02
6.293064679293297603e-01
3.692558879873789057e-01
6.391775462308273426e-01
4.344483888993175835e-01
3.917947957772147105e-01
4.544677406280296927e-01
4.368563950352430392e-01
8.704934727069509881e-01
5.343146625640543546e-01
6.139066483851400857e-01
1.024255524944635842e-01
2.075104210952585682e+00
1.035172046652568234e-01
7.934831744078193472e-01
1.188866538310816123e+00
7.213924525366889606e-02
1.817314692793708109e-01
7.485734061079252211e-01
3.054504654543729880e-02
6.406175856560439308e-02
6.476199531033486334e-01
4.755060068185723576e-01
1.566889793211006243e-01
8.245296605087761854e-01
6.702754122877058185e-02
2.308071240192378915e-01
5.984840859190743156e-01
1.131951537625472126e-01
7.650683874211711144e-02
8.145053642649904280e-01
5.873005843916374591e-01
4.972814575432028816e-02
6.117760854856367780e-01
1.249448320589088002e-01
1.311270536131652620e-01
7.374751168295597958e-01
7.455536316977191824e-02
1.082601654506972322e+00
1.086392489237819337e-01
8.924864708308440919e-01
6.061987744521498689e-01
7.758684209730482007e-01
7.078785309252307034e-02
1.020332271481150105e-01
1.197387907363846177e-01
6.365862590081720063e-01
6.583729270772699371e-02
5.020926559503661180e-01
9.802036722898443966e-02
3.727520667264816456e-02
7.785961397748498991e-02
3.700678069569876549e-02
6.584586678031772999e-02
1.207674832189065545e-01
5.723172183814574654e-02
5.637296832551808023e-02
4.636760823832106748e-01
3.597293083428615423e-01
9.621606126973983875e-01
1.117545005296685767e+00
8.752406455110742778e-01
1.067202407866830322e-01
6.272597554528452912e-02
4.307385929993566565e-02
6.696369955716990896e-02
1.421247611720519943e+00
5.321716080706869606e-02
9.054537290785810710e-02
3.727515101800310537e-01
1.221466026158886775e+00
5.538467197660735392e-02
5.833035292046925280e-01
6.286658320593178917e-02
3.759411110092292230e-02
3.922033332987239773e-01
3.716927131211629765e-01
6.580064783069241585e-01
1.159781752519587761e-01
3.529835220828948517e-01
4.200954863022740571e-01
9.327077477127927729e-02
6.176437996386471285e-01
8.816722374794738748e-02
1.271604539743508289e+00
6.479995705347540991e-01
5.682636877741376047e-01
7.746233436397513827e-01
3.125656163303763141e-02
2.426455060534931929e-01
3.261423724539776470e-01
1.543391881708608970e-01
5.141180814503474306e-01
8.639126223383690739e-01
7.701225440423048463e-02
5.004759476008597829e-01
1.721417238157998131e-01
7.312479905921452916e-01
6.794190759958093073e-01
5.913966782939061168e-02
1.540609931641019059e-01
3.974198061958779116e-01
2.194314509626965615e-01
6.021009176115368899e-02
3.332541417704396602e-01
2.613057192418908881e-01
8.979612075621222766e-01
1.769184459937029608e-01
2.219178473191321110e-01
9.028339325726323361e-01
1.492151346747926655e-01
1.022706386116952193e-01
6.620055112714706702e-02
4.814020917800252430e-01
5.785709756882904120e-01
3.897235659796951385e-02
1.005350051522827803e-01
8.704788868107540822e-02
5.852761156768791773e-02
1.798590146102324872e-01
4.643372846655092756e-01
1.349989640468550745e-01
6.331608002415591852e-01
1.134308322303377720e-01
4.509116255322863642e-01
1.788918088133943041e+00
9.907264380417544203e-01
4.278673741134334518e-01
5.670603079229581678e-02
3.298320174862707788e-01
3.491323979114545339e-02
2.867114756256045061e-01
9.633427373217944290e-01
7.258760483734989499e-01
7.061466129331004371e-01
9.912576630953049417e-01
1.110380017598375374e-01
6.461111418390992345e-01
1.599343049094092278e-02
7.263320139404318143e-02
4.785029470573794186e-02
9.435912972003215882e-02
4.613607413998264961e-02
4.493816092286114644e-02
3.875386571932053215e-02
9.838597884622064804e-02
1.070205814993901994e-01
4.596242360154961792e-01
6.707468575101538377e-02
5.887615933022397052e-02
5.099700716676123374e-02
4.778778300369666832e-02
3.378838050584174330e-02
6.958784647819786784e-01
4.912906351588279541e-02
1.288871242931155514e-01
9.817360937764120499e-02
1.121807255185253843e-01
1.144735311894181373e-01
1.169064422759707567e+00
7.833129826453020250e-01
1.179565776429457591e+00
2.902142850458108159e-01
5.914771707674971735e-01
9.234362108658579482e-02
6.272484781286667699e-02
1.211195633819548423e+00
9.661208117035333665e-01
4.852452076053730412e-01
4.664372482718517204e-02
6.081649345219889563e-02
6.667673984077707727e-01
1.293729984184215642e-01
4.390572114053839514e-02
1.054765037895085245e+00
4.886825497296631293e-01
4.748279114306956650e-02
6.578877841031928464e-02
8.626641171120730256e-02
7.943201313832219945e-01
7.485409211420778197e-01
6.588940888012154717e-01
7.997633830047549131e-01
1.185565177764685174e+00
4.441909755279138672e-02
6.620538693097266503e-01
1.119806848739570704e-01
4.316090321013091313e-02
3.267373864194025868e-01
7.898962636352566125e-02
1.402975339351276440e-01
3.947613607953705528e-01
4.882380924020072732e-01
7.081761118137048783e-01
5.486078711641956263e-02
4.992263736805412078e-02
7.391820322845692459e-01
5.766210401023621340e-02
4.136688906882217409e-02
5.435752946332346180e-01
6.426985446320276907e-01
5.541114131877866722e-01
7.658185473972910495e-01
4.351364788754168850e-02
9.911972845187192460e-01
7.364592329883076216e-01
4.450005516439450859e-01
6.371944821196795505e-01
5.227461844323282314e-01
1.852218505248277858e-01
9.166942602274639196e-01
3.869593407930579931e-01
7.535507280623007786e-02
9.867047712452078900e-02
6.347511357730416526e-01
1.418762355883379234e-01
1.265963910138982185e-01
1.406087020399229004e-01
2.084224273137988415e-01
3.781793003206853077e-01
3.304642990794333102e-01
2.140457093044153769e+00
6.787758132878746187e-02
1.320764936378974463e-01
7.523090939771694130e-02
4.266034671998316513e-02
5.102298699146725625e-01
1.001860211071834872e+00
8.397383790336827580e-01
6.495957515586181508e-02
4.102763134977717441e-02
5.945995377286904249e-02
2.778912227913215016e-01
1.169138251357313973e-01
1.428814205233467083e-01
5.022264064741353840e-02
1.796721069961514372e-01
9.901227012406088601e-01
5.226858390460668025e-01
1.841144260571082047e-01
6.791740525683329088e-02
9.401232379578298992e-02
6.219359779672430921e-01
6.631335545799408315e-01
2.766702023192011417e-01
1.715933259926906707e-01
7.068170859068457768e-01
4.915276781947918588e-02
8.114456883771800633e-02
9.741246053142686712e-02
1.527752593339196663e-01
4.078585007048088351e-02
4.659164199149577745e-02
3.641164659410852100e-01
2.739376013314173686e-01
1.128180798003718177e+00
1.392049194462399442e-01
9.887957726283197468e-02
3.618800933321975610e-01
5.697489612717459434e-02
6.157340261305586093e-01
3.913512686034608667e-01
3.943016757156995317e-02
1.832660831340916507e-01
6.614654505278307894e-01
5.683452388832755525e-02
5.771470895697525805e-01
8.730350714019495528e-02
1.231213190796884849e-01
3.130956112680218645e-02
1.696406689357241870e-01
8.220632983850173492e-02
6.021720271825397042e-01
2.516132208346673060e-01
9.154871380018821947e-01
3.502380789255337551e-02
4.751104168347655698e-02
1.005342156141757259e+00
9.105174543841777490e-01
4.829697896167672172e-02
9.387044933950026981e-02
2.102576489817808703e-01
4.003309081217394372e-01
8.208454120229553563e-01
9.021846325022571111e-01
1.658488108622165058e-01
1.532776346015752578e-01
1.436497731111250065e-01
1.181387082525019727e-01
6.683908460105736360e-01
3.322503348674332724e-02
9.830990184260038345e-02
7.266866963579882155e-02
7.372973730520894220e-01
2.761986699205957740e-01
1.363534492983820567e-01
9.500858596493268193e-02
8.653627620572783286e-02
4.490905179088153232e-02
1.366373461566749103e+00
3.772485081620120528e-01
5.395821546215660014e-01
2.432596298530827900e-02
8.789221822294293052e-01
5.778316152550133644e-01
1.045824621303736324e+00
6.067565510914405547e-01
2.356408166709957619e-01
1.608782926633166299e-01
5.774238666989112839e-02
7.895253282817349394e-01
3.426105243368600395e-02
5.038531192660292701e-01
7.995830208545270379e-01
5.282303545629198904e-01
1.265836117337342526e-01
5.525960191768969354e-01
2.206361712704530964e-01
4.866764229415480869e-02
5.047016634861031109e-02
1.806125922961583918e-01
5.230849177220234791e-01
8.762405477294653300e-02
5.878819889473817506e-01
5.011558789861332297e-01
8.093201313328549085e-02
1.676801235662009615e-01
4.170628566696951006e-02
2.382628119056573110e-02
7.039873310072455315e-01
6.147782542530410010e-01
1.129773149483109362e+00
3.598620632934552144e-01
1.016680258624598765e-01
1.992114454597146145e-01
3.370514171258402053e-02
1.146812556751770212e-01
1.757961540366661246e-01
3.722710492327804821e-02
7.011241033506697695e-01
2.876128312906781406e-02
6.611149690108916732e-02
5.488588716657304134e-02
5.925694362840524532e-01
7.784319515556730185e-01
9.228871989145362997e-01
3.219919468559714892e-01
4.835711372050943702e-02
2.464134692830104514e-02
5.518959042999486281e-02
6.594286914230652608e-01
6.244826984985794027e-01
5.155810739346651239e-01
1.739713028080427604e+00
4.846994394866222522e-01
8.266488819247150843e-01
2.056322082007349394e-01
1.047446670604111896e+00
6.044035659981492614e-01
2.265007709293222551e-02
4.222269795066465464e-02
1.091134322303157322e+00
5.365646092305704773e-01
6.937224698400774603e-01
1.631059994046359651e-01
3.734545429609924250e-02
1.082286468007610969e+00
3.152424070811900569e-01
6.006106220588439681e-01
5.887725448672020967e-02
1.066570232405808394e+00
6.997846878166569251e-02
2.733399398300771499e-01
4.790954137620960507e-02
9.879594381637413214e-01
4.696379000164051937e-02
5.003469097272664895e-02
7.111182673957057165e-01
7.405153675683538994e-01
4.103215907044884259e-01
1.378260754737056504e-01
2.392806408584568501e-01
6.676076213353031308e-02
8.021779907265254306e-02
3.294686608522905125e-02
1.241991417867690517e-01
8.570864132693892801e-01
8.222815629204863197e-02
6.099811576770367560e-01
4.521709773934108889e-01
3.265066894345792781e-01
8.657686413992345953e-01
9.310791571532536781e-02
4.929895301146855480e-01
2.025524556253716774e-02
8.686835391046630050e-01
3.740504153478958482e-01
1.359741528374436292e-01
7.757098306441282398e-01
9.548720644295891624e-01
8.206519419768645851e-02
8.969902587301052943e-01
1.698707321605493203e-01
4.398691456243199460e-01
4.281417856594698645e-01
9.395777996806734533e-01
6.747213970850977904e-02
4.354759352728818089e-02
1.438765283678389018e-01
5.829912905210783425e-01
2.854558338490723046e-02
1.312419180108011618e+00
1.282804118530564419e-01
1.322532623350503866e-01
6.559980238346162507e-01
2.157255627283400923e-01
5.170424299787090838e-01
1.646989978259611187e-01
1.199031097686590108e+00
1.280511583526712516e-01
1.643847187515912189e-01
8.282949853976103727e-01
3.755478240668033152e-01
5.558096444654061358e-02
4.832891311381948274e-02
1.963190375015683720e-01
1.366703033381058974e-01
6.036926565075476647e-01
1.704190957793618455e-01
1.328664434731836819e+00
1.058244221932280515e+00
8.017389352088711840e-01
3.107413394069559465e-02
1.175878820784679979e+00
3.655925944083535106e-02
1.577403502545726144e-01
4.390089034593058770e-02
9.796817096003510583e-01
4.033952884661385491e-02
1.070218582398602264e-01
6.359053658455355862e-01
1.577535893258090738e-01
4.594914376789161620e-02
3.266534618646200760e-01
4.247424582619021560e-01
1.966423484873546679e+00
9.651480331433275328e-01
1.252894185357502410e+00
5.739108766896176134e-02
1.176325087485015741e+00
6.908072968815633097e-02
3.435030306840171355e-02
9.725900711355292549e-02
9.263598613465237608e-02
9.664828550092462167e-02
3.213580993719670209e-01
9.681948596615017610e-01
6.184147726641752163e-01
2.103697183426880141e-02
1.241540888174093915e+00
9.605912756203972835e-02
2.581927127850208170e-01
4.134852436501754713e-01
5.358992195754400667e-01
1.557750411946445535e-01
4.895183495227257986e-02
2.820537078846097750e-02
7.119032741073953729e-02
7.204169549289213270e-02
2.303623359678369231e-01
1.356620014093656845e+00
9.693817779383767652e-01
8.976299121894583399e-02
3.680824964370995045e-01
5.723159774652722409e-02
1.311297229629397321e-01
6.737900343596608943e-01
7.713018711479522338e-01
8.934072910566379089e-02
2.222077552649685206e+00
4.606216537944771844e-02
5.486832420312917069e-01
1.268239494453781591e+00
1.891883637500207715e+00
4.489968267091560827e-01
1.698020807775911523e-01
5.813651196856302050e-01
1.263362694958508392e+00
8.724525829971626623e-01
1.096207254902465733e+00
4.599142232736225244e-01
6.973941993167405429e-02
1.418751424960758900e+00
1.187187009118312320e+00
7.657080727462944880e-02
1.220217303214223614e+00
1.779553141379072390e+00
9.025266352471091880e-01
8.213514809176569731e-01
7.552385324088268792e-01
5.627028833875538094e-01
8.961535278152268358e-01
1.422030244766286644e-01
7.097810564689359392e-02
6.681734194184948961e-02
6.199690894898469973e-02
6.571032492812152181e-01
8.221070886418789803e-01
5.857868240402657606e-02
1.307465635912310464e+00
6.867314444124356099e-01
6.436531252860052676e-01
1.176139182054146470e+00
9.774645165083989395e-01
1.335751467038724272e+00
1.481022588021510655e+00
4.351643856865384796e-01
1.175809435912095191e+00
5.860854545793832138e-01
7.295357336461968378e-01
9.479295390576839564e-01
7.730095947081722096e-01
1.299120513241947827e-01
9.163487695363318197e-01
5.579968419772373123e-01
5.933698112786527784e-02
1.785180581347584061e+00
6.929382434901972809e-01
1.633554312825689914e-01
1.595250698846492510e+00
2.796341524574276760e-01
5.160811316777157431e-01
9.656606575053989783e-01
9.739155650347021131e-01
1.336593769271991139e+00
6.433086089335550151e-01
1.474945961858729060e+00
1.184211560344731407e+00
6.531215683797984006e-01
7.942573215522319430e-01
1.835240520228821559e+00
5.801059659559152371e-01
1.352281717557652252e+00
1.089999063394719414e+00
1.090136105920876064e+00
7.948507801273737572e-01
2.708068227089552304e-01
8.983923898264816188e-01
1.681159909669617036e+00
7.464223099150387730e-01
1.051210787783332767e+00
9.021664021601402128e-01
9.503046217764063996e-01
4.176924612806536263e-01
1.071328981796214164e+00
8.443844053761780932e-01
8.472747039471778541e-01
7.935603075327277156e-02
1.095046286514300915e+00
8.253760846675805007e-01
2.653323260817307405e-01
2.169239991418881464e-01
7.557528622354388048e-01
1.667173591305824765e+00
8.280925029639730761e-01
3.388765634952885242e-02
1.828959153991001063e-01
3.285166737435779583e-01
4.154582591761576960e-01
1.148131936331754810e+00
9.596420000371017611e-01
1.005452621319494755e+00
9.942987610712390456e-01
3.388219765895321423e-02
6.613655622680829627e-01
9.279836476147683699e-01
9.500067270465692992e-01
9.718039957542501384e-01
5.213837397415531649e-01
9.216371461057266956e-02
9.329883300217773900e-01
8.533514513490264575e-01
7.429030359119491722e-01
8.678691999468088336e-02
1.148634639447208006e+00
1.043391244077871871e+00
8.915046632478076383e-01
4.927921278129597793e-01
4.142865958869634824e-01
1.152361704590666225e+00
8.262803140721011186e-01
1.061532785641359000e+00
8.805468690438108537e-01
1.169976600288765933e+00
6.713265934019355674e-01
5.712423661587153756e-01
7.239851669809701518e-01
1.062745036186915071e+00
1.197992881991516434e+00
9.396103765545178454e-01
1.447400087357325171e+00
1.256408975777331127e+00
7.089563298788929824e-02
1.101719851648298887e+00
1.408983450358578526e+00
3.061911080921269623e-01
9.190031145622575837e-01
5.527894529003000157e-01
7.079408056636998792e-01
1.037639203767859675e+00
6.953985299211583593e-01
7.430744737334725736e-01
9.669231675308654905e-01
5.204211547698054385e-01
3.177716217033534907e-01
9.042757749457035477e-01
2.624942094098202894e+00
8.512815722084940973e-01
1.105936962296100168e+00
5.194659488942263703e-01
2.155500727462670074e+00
9.384078806186298971e-01
1.234122415151514884e+00
3.739952670013623193e-01
6.289069845605979037e-01
2.518189387019467151e-01
4.446692465840029751e-01
1.770739955467666826e+00
1.409007501421776665e+00
5.992477893066772143e-01
1.004570329586328858e+00
6.860514638419765721e-01
8.794588049171501998e-02
7.199015927054172037e-01
2.048782290242261717e-01
2.135711230541325611e-01
7.274039907860129217e-01
1.430407902263026998e-01
7.316111724479770761e-02
3.634188106150975511e-02
1.010905699189805329e+00
3.087984105227771850e-02
4.328319467589558656e-01
6.326074735305262653e-01
6.751383909335646472e-01
7.684766059838425978e-01
1.944290977850285040e+00
1.028016980334377051e+00
5.912299192280343618e-01
7.313739045848430820e-01
9.214065913098033744e-02
1.223236568952862646e-01
1.227482446824426532e+00
1.038022462813595892e+00
1.259716545305322510e+00
9.721555400319543960e-02
1.339218922094353781e+00
5.876145628639743990e-01
4.951528936524567936e-01
4.414347660496875103e-01
1.219686145710183522e+00
1.790473109910273308e+00
1.243142170023220139e+00
1.615678656309347261e+00
6.879015172472662254e-01
7.534946873277469370e-01
6.978725696650052157e-01
3.842466305985544062e-01
1.518023601653353927e+00
1.168287264966926253e+00
1.057242270150558494e-01
6.605326970415604793e-01
1.040360850011810001e+00
4.277579178786541925e-01
8.960570702132801824e-01
1.192924750927866873e+00
4.723268630962950132e-01
2.042521084861550928e+00
1.766655377247918324e+00
1.901874469377318189e-01
4.236011083560136531e-02
1.371980246842946061e+00
1.073670857466911155e+00
8.385041605900958595e-02
1.424981761930951274e+00
9.348853106727821050e-02
3.360465073091378763e-01
1.486050375538117807e+00
9.516422145722706061e-01
1.475184154291534488e-01
1.123277854889279004e+00
7.164132557878045704e-01
6.493093231109727803e-01
1.687814020582145913e+00
7.025360723912799088e-01
1.148404007333461596e+00
8.871936731270313459e-01
6.911512972904708674e-01
7.280646236650288594e-02
1.211394688849575907e+00
1.103408537317156629e-01
1.089249406317635005e+00
1.307255289087488670e+00
4.485248691509941543e-01
7.328407040296711639e-01
1.432507849270228784e+00
4.016208437155776023e-01
2.499485121701809642e-01
4.691608039226597970e-01
1.007420897085601785e+00
6.227396629824092367e-01
1.005990322339450405e+00
1.267272495050186576e+00
8.490217094065717340e-01
8.306128547149954633e-01
2.506557558120371954e-01
7.041177015281867568e-01
1.291734250590204525e+00
1.049438272635780239e-01
4.419395530861205401e-01
1.331848629159299857e-01
3.793964802645845569e-01
1.108104629044084355e+00
5.144133095284731949e-01
1.093250624266920434e-01
1.368000752923556329e-01
8.716183416805145523e-01
5.341773392058413172e-01
5.309194197951209171e-01
7.378649460426118800e-01
7.098632722042916843e-01
1.078827177683525873e+00
1.510623618203539298e+00
6.804529586956498122e-01
7.904018156315549826e-01
5.245329703602789051e-01
7.696288135393878349e-01
6.720635649851748328e-01
7.127047623663722575e-01
6.327084302856982312e-01
1.168142812549117115e+00
9.283115127228799279e-01
7.770894352005457417e-01
9.454902356882799452e-02
6.444217037418088490e-01
1.158171709671086624e+00
4.752846115002669070e-01
1.227404216783366975e+00
6.812526967336011152e-01
4.971394928483693354e-01
2.084084147278920107e-01
1.382075457676247288e+00
6.525755848587059260e-01
1.698885970224747854e+00
1.003612475000963622e+00
3.952785554545484636e+00
1.394938945605069369e+00
8.569656302461334807e-01
9.672188409387437735e-01
2.250970495849121455e+00
4.721295154319647969e-01
2.357941626040492289e-01
1.375637338605669724e+00
7.854059572831929570e-01
1.714057547928597436e-01
1.294199642748661727e+00
5.849754067749689534e-01
5.454866237921131983e-02
9.107851355385268577e-02
3.745772433279921931e-01
8.417969367717446083e-01
9.405522476474530436e-01
8.074367971712881342e-01
6.899130734621775618e-01
1.020230479368199605e-01
1.844138203842655699e-01
2.066917002851444973e+00
1.089150077611533263e+00
6.850368426120337917e-01
7.239423039680472627e-01
5.178526423456705080e-02
9.028331557588316070e-01
1.085248454274625907e+00
5.694242154686818963e-02
1.089667385939680599e+00
5.630343606396234213e-01
7.143693821660336563e-02
4.145385299747906815e-01
7.745046941510620453e-01
1.208993166525979268e-01
1.963110816545854675e-01
4.033527780728727863e-01
8.443834896113712185e-01
1.752762621018721587e-02
2.484294182454850897e-01
1.587732150478504245e+00
6.196211745869575904e-02
3.842653773477154311e-01
4.315192410169305104e-01
3.223637088384140537e+00
7.332093595079606230e-01
1.672040049142851759e+00
9.367637711271212253e-02
1.035091112428441068e-01
6.167541011484564129e-01
8.038135762471839696e-01
1.517417758082977963e+00
5.200670311356681008e-01
8.807147952419711046e-02
1.228970925386196011e+00
1.702555069218179673e+00
3.744079588676971215e-01
1.851118905309313556e+00
1.388643922847765388e+00
2.210936849112332403e-01
8.814923493326094761e-02
9.230426783998225693e-01
1.461285025181695341e+00
3.499984612892207553e-02
1.050536770523983865e+00
9.385046947136169715e-01
1.485480095800560063e+00
1.292166292497405056e-01
6.874782580237039920e-01
1.106140398111598477e+00
1.410064260083312426e+00
9.571003579864498789e-01
9.104458839057222308e-01
3.209100919030057342e-01
1.350030181850018218e+00
1.614409644551682010e+00
9.444263092942682958e-01
1.409767773232442067e-01
1.221400492149436134e+00
1.568470711997765665e+00
8.266437519601678441e-02
1.272759450612914289e+00
4.583575976047928741e-02
6.204872280254830619e-02
7.819850695976079402e-01
1.355089048914178917e+00
1.092536211842121130e+00
5.145291624244046069e-01
7.800039688376758651e-01
2.605473903766879484e-01
6.762423677901985286e-01
6.535085244922866909e-02
1.267193945004627231e+00
7.485274083187646310e-01
6.400574777526685244e-01
1.257513824775421396e+00
1.282223081282009014e+00
4.649562399023676740e+00
1.726941342903906440e+00
1.565050837137815787e+00
1.317052365146791360e+00
4.957579610749737187e-01
1.442765103331419496e+00
6.907681989989538085e-01
5.923271674346036741e-01
5.021712036396697165e-01
7.304297119213687406e-01
6.515639508600430674e-02
1.610590170386755893e-01
1.119928749514315314e+00
5.152739668187864552e-01
1.761936679999457911e-01
9.850285453274250091e-01
9.968491647366217734e-02
8.581770617986328453e-01
3.972298383046981574e-01
8.519912838240963904e-01
1.089485968184077169e+00
8.190456277032712729e-01
7.976112767191004815e-01
6.574053609789858310e-01
5.684932656647145172e-02
1.535323238493150111e+00
2.882181533275512963e-01
1.196645203088939846e+00
1.207359342121464285e-01
5.287763390583661849e-01
3.671190135507541585e-01
9.564950376102921981e-01
7.423869943679354266e-01
5.327075901750624176e-01
6.181600245911235136e-01
6.142209238656875375e-02
6.455627094411896527e-01
3.812732037952889508e-01
9.504878948841682940e-02
6.369553693006789752e-01
9.126478768427066790e-02
1.551218819574150531e+00
9.135682522272186024e-01
8.664735698039898182e-01
2.278018448160006315e+00
1.500172537302112641e+00
7.485379141081037746e-01
8.391290348710491731e-01
7.215223005645175769e-02
9.515679209088006019e-01
6.024369393405826223e-01
3.657814651497916514e-01
7.684149758817938880e-02
8.421014136102724645e-01
7.705004871529957944e-01
1.104204243699213439e+00
4.288500870641143714e-01
6.186763536067252378e-01
2.147131180045317667e+00
1.048741662515404016e+00
1.083374864486842171e+00
5.919250071882659059e-02
9.932220799026408864e-01
1.299886010362094835e+00
7.287951709125753408e-02
3.413007606925168580e-01
1.357303836222681026e+00
8.044857232503742628e-01
1.475854208695186021e+00
1.493134965480567233e+00
6.813064864104051432e-02
4.403415498554038021e-01
4.449606882614948744e-01
1.107519474708841711e+00
1.060212969600030197e+00
7.116309410414402015e-01
1.513900200382970684e+00
5.590868102541100004e-01
1.775477625167480589e-01
4.552520450986791700e-01
7.658357593222518966e-01
8.338815456584559860e-02
3.731109497331136504e-01
1.022609869245647563e+00
1.097284361219924564e+00
1.659265710616338874e-01
2.290103992139762845e-01
2.801562932866361599e-01
1.455132221505321066e+00
5.136424183658412357e-01
7.854228078158176363e-01
7.271414513966508730e-01
9.434134521023651576e-02
7.520263021288431382e-01
2.041758417157581107e+00
7.496651332937906975e-01
5.429877010913171098e-01
1.147305686587472007e-01
8.616066275850091383e-02
1.331354410299718127e+00
1.401730848591036693e+00
1.416158877915936865e+00
1.336472914331153783e+00
9.632358970049034186e-01
5.680339626929586938e-01
1.233416963583132547e-01
9.813823737618773135e-01
1.211494803024197653e+00
9.899760122430840692e-01
1.231454481380358734e+00
3.375469195525358790e-02
9.965417730908639193e-02
8.686194078145998976e-01
1.077255351340958400e+00
1.378623039774156123e+00
9.160150443935409781e-01
3.492568197596326862e-01
6.821980862324852346e-01
6.940860378346439541e-01
5.547788753384302884e-01
4.817251706500309538e-01
1.167918396376792511e+00
7.186255328785114971e-01
1.035114578839708477e+00
5.936062194872899767e-01
1.034348927245719585e+00
9.974237936526799686e-01
1.140028682036870578e+00
2.099748597883897006e+00
1.126368685619975496e+00
1.998694191551664057e+00
1.154975623156935249e+00
1.325408970404089448e+00
1.602350304949538229e+00
4.276942012234125068e-01
9.481423907621901181e-02
9.929598256120848732e-02
1.754130049198013186e+00
1.387077252496934143e+00
1.705262445773881641e+00
1.817864761283017883e+00
8.777743847489049012e-01
1.042575447952504897e+00
1.575942076664176295e+00
7.024637403193851881e-01
5.914729545954592327e-01
6.075286850093691848e-01
1.065088743098158153e+00
1.495581398761769876e+00
8.302356394716602361e-01
1.208761236811763062e+00
1.640640503318021803e+00
1.058763752700104366e+00
4.762424586091159040e-01
2.171815048982103369e-01
1.864743902805898745e+00
9.818866909633775508e-01
1.186309550841136762e+00
5.606889134216317405e-01
1.777018065472610875e-01
1.048046568058187189e+00
7.180087081798027793e-01
8.730040623827293178e-01
1.231781731976998445e-01
7.198469061489006782e-01
1.073512512216401316e+00
7.071469169654849285e-01
8.682661834878808715e-01
1.162231275489318927e+00
1.376884736595128222e+00
5.427547948491082686e-01
2.140951324006940659e+00
7.099927221542466638e-02
9.904088732477867030e-01
1.267494990432747937e+00
8.210793906893429916e-01
2.673478792653761982e+00
8.663678570855628536e-01
7.834098777333377006e-01
1.541437236240304376e+00
4.007672778868351382e-01
9.782457428210958317e-02
2.248520219425807209e-01
1.846282825209381306e-01
8.579286604290968787e-01
7.499824154755628802e-01
1.136858042923276857e+00
6.050007744949768007e-01
1.014954403432141827e+00
1.110479244046716607e+00
5.357595356669542924e-02
3.396863858596260721e-01
1.382549727693598962e+00
6.788342734240406795e-01
9.283495134563565232e-01
1.050831010598853865e+00
2.328990113801593098e-01
4.991683143155710711e-01
3.821810244002302737e-01
1.254817650899695103e+00
1.766464747024769633e-01
1.845165247141703491e+00
8.720560390460986300e-01
1.109997895002662771e+00
5.932573964909136910e-01
1.085688769365971806e+00
7.776035284260235381e-01
1.159133717547413456e+00
8.284878277236993327e-01
7.413974048184232557e-02
3.575859143683447483e-01
8.091490100809686226e-01
7.306153243692037336e-01
8.762790066133695488e-01
9.051557422787782914e-02
7.636551932015135380e-01
8.401908236524389118e-01
1.752735080120536137e+00
8.448417224423941663e-02
6.410090588312005178e-01
8.106549686952576605e-01
1.182342328630516137e+00
1.600506511209704996e+00
1.110268394762435440e+00
7.420017606384829434e-02
8.066330770351006763e-01
8.183014930660571784e-02
9.590766953385709837e-01
1.309001981250484503e+00
7.265133615038397163e-01
9.355790444296534503e-01
1.922395817142878438e-01
1.821806537790605918e-01
7.148539729602036985e-01
2.645900908417610609e+00
2.496060688309341413e-01
4.167150238973194032e-02
1.326642125332484767e-01
4.288711545864314773e-02
1.631692611538673399e+00
5.862801293839137173e-02
6.210685106847386311e-02
2.777576530909731667e-01
1.722136304226340731e-01
2.247270468784720587e-01
7.954017781876715487e-02
4.330654152764026321e-01
6.552154402237043707e-01
1.455498310497590264e+00
1.297816748751127458e-01
1.196342539821063089e-01
7.970895155692091227e-02
9.467429164460783308e-01
1.145652874823667844e+00
3.790325019043820354e-01
9.123283722397662610e-01
8.095412738839548039e-01
7.771863989368684722e-01
8.981484443459047950e-01
4.566447026932489717e-01
6.372607481946468422e-01
8.840261546594557762e-02
1.266671443912260886e-01
1.994473502411125282e-02
1.492089511481841546e+00
1.453774528119378795e+00
6.728582990285882914e-01
7.649507146193232354e-02
3.319340898086582392e-01
7.201908792565246686e-02
9.264568599848109764e-01
8.326155484494998094e-01
1.140750698322413381e+00
1.301317188098738864e+00
6.390988241140753701e-01
1.455134263306283593e+00
1.594737183215870546e+00
3.937954854178962183e-01
1.356392919733072855e+00
7.561372760196088949e-02
5.841140088111671513e-01
1.062869650238620206e-01
8.825365907219019368e-01
3.185908327442886767e-01
5.698829304078811830e-01
1.410942255185340333e+00
1.204585646489182427e+00
7.582221110011485576e-01
2.688239989135447594e+00
6.454203848267137111e-01
1.787387315157517864e-01
1.021966357930262026e+00
9.192963945217155208e-01
3.537632738496415685e-01
4.088045023494641939e-01
6.143652193296911257e-01
1.079229393493234879e+00
1.996144916439994921e+00
5.996306871222445434e-01
3.831502587894640710e-01
1.046630223426890521e-01
1.426893402534879840e+00
4.403594430020659617e-02
8.254508773448872017e-01
1.457781713273553770e+00
7.345549836628505469e-01
1.042109170906730053e+00
1.034595190161764044e+00
8.459754467525402166e-01
3.145195483336636344e-01
9.969050236319909608e-02
9.050356400441984528e-01
1.108768287170195932e-01
1.621352831025329788e+00
7.188144515540713098e-01
2.547606277802411334e+00
9.961831446819486846e-01
1.224620795100371584e+00
1.674615462203977445e-01
1.163818622331837194e+00
6.193584007246915046e-01
1.660939987008449581e+00
4.757768536991763830e-01
6.433438546943429648e-01
7.102648166669908170e-01
1.643497564570892244e+00
9.795103120153993981e-01
1.034949452412858184e+00
1.859068999605121009e-01
3.644823561182247151e-01
9.789813466141468190e-01
8.678315302194310465e-01
5.927354276081689965e-01
6.283578671560093865e-01
2.883538756025163727e-02
1.206964598192532545e+00
1.102637512099807315e+00
7.023099413974465133e-01
5.066228071152344137e-02
6.014447050314018772e-02
3.603483589041493740e-02
4.213606345834903233e-01
1.661414791189300688e+00
1.311336452099676197e+00
5.193785674560876808e-01
5.532008092989898485e-01
4.228463228469023227e-01
6.571550695074050985e-01
8.301561110821508160e-01
5.607046287693683712e-02
1.686336206530153481e+00
5.826139042283412506e-01
1.403259019886989645e+00
1.070571380379348403e+00
7.052801169478298826e-01
4.658134102719766467e-01
7.965160383711775705e-01
1.161631579944928383e+00
9.583439704546093951e-01
3.593307520326818327e-01
7.086157592659493576e-02
7.066398880274117611e-02
5.987875568099192414e-01
6.176821263529855832e-01
1.345701864431360528e+00
2.419801289669563982e+00
3.374035409360208182e-01
2.317738583613855041e-01
1.206123785367173795e+00
2.526155824561638896e-01
1.495324487781551248e+00
2.501659971847157715e-01
9.024930387288297995e-01
5.200732606045707085e-01
9.224885119364790997e-02
1.218823675154786956e+00
1.222915493323216252e+00
7.770908534655927014e-01
3.681602605432453545e-01
1.012504700523110479e+00
6.796167202512579664e-01
5.810130213631613527e-01
1.210749789995465786e+00
8.445444719428143454e-01
1.013308059577981313e+00
8.639276985911056306e-01
8.833429546843317715e-01
5.878809822477149005e-01
7.577361472227733818e-01
5.384783942962687586e-01
1.676971505324275913e-01
1.343139437056939167e+00
1.376370370900111384e+00
6.483536560927886105e-01
4.538610749352466889e-01
8.153787885706911820e-02
1.912903489026405307e-02
8.052899838079854433e-01
1.262855161577540519e+00
1.155283071964563618e-01
1.802137020020552205e+00
1.001153600394224935e-01
9.087462706674367396e-01
1.951552262920928094e-01
1.337365636346890208e+00
9.432180012307593842e-01
9.505320143699249602e-01
5.816035884247569010e-01
9.363200662352597625e-01
5.161922489278423232e-01
2.200444255079885725e+00
1.754779544530067348e-01
8.425409717451375347e-01
1.154234214652858359e-01
7.282025753267826751e-01
9.144700414046044723e-02
9.950648810174771430e-01
4.632305319239844732e-02
3.704001214567742006e-01
9.781391371106269716e-02
1.304682462240327190e-01
1.053775851921727513e+00
3.809970067028743412e-01
1.482754984644161889e+00
2.500789917577742744e-02
1.139339223739485263e+00
7.112277762972294415e-01
9.649586715001486903e-01
6.805353870693121587e-01
9.070272277587097809e-02
6.014473251597700632e-01
8.873267180672853027e-02
9.470974359424291222e-01
1.417003128150522651e+00
2.404905145429730717e-01
3.871055138091869519e-01
1.069537955766427739e+00
6.971830452780430898e-01
9.183741721428230476e-02
5.698366917072318627e-02
1.094346439140728711e+00
8.884802676408638522e-01
1.377500406253249654e+00
1.324064502283231359e+00
8.500827160861944565e-01
1.025684104920232320e+00
5.485606676961563011e-01
2.305072776935856438e-01
1.306398515148758710e+00
7.998307368049184518e-01
7.958551517348236293e-02
6.557437595437335398e-01
1.115777063505354771e+00
1.538983689849786340e-01
1.197178739225496918e-02
8.200006174732991093e-01
1.534745693351723839e+00
1.208882497359131891e+00
9.816918310876975307e-01
1.304167838276703906e+00
6.942303640424800637e-01
5.998181411104449579e-01
6.565061482340961430e-01
6.344344996640861878e-02
3.469919220275682337e-01
1.236903601653554841e+00
1.028265353762213508e+00
7.399124317466426737e-01
8.668063464932374007e-01
3.106353357251345759e-01
1.240795025419346276e+00
6.942923473695721270e-01
1.040002584844377465e+00
1.212717023349388246e+00
1.260450585925150246e+00
1.316611729497294547e+00
2.029472901473275415e-01
9.603561311461008554e-01
4.263841894695506451e-01
1.045378627791136550e+00
1.216759351643766252e+00
1.167165924228312779e+00
1.014579052891118938e+00
6.262331180784053153e-01
1.185680874520105510e+00
7.847056581435137013e-02
1.030000854783185149e-01
7.625812834026732823e-01
1.197081299999575021e+00
1.263821434196058524e+00
1.657285101658141913e-01
1.487625098931844025e+00
6.626300040348001019e-01
7.607614530018890209e-01
1.469283380770483260e+00
9.954405523780505138e-01
1.400963060211703470e-01
9.555891970876453367e-01
9.920729541903156035e-01
1.365718491798637801e+00
8.619538697795390281e-01
1.850847780517487884e+00
2.003242294039838889e+00
1.900122485777557602e+00
1.378447020959375213e-01
1.012565014756450665e+00
1.000181960798059988e+00
2.324419598334681591e+00
1.670979278952944846e-01
5.157625387519019222e-01
7.134662736963266749e-02
4.748896059799277425e-01
1.050310128703464269e-01
1.289432530222435203e+00
3.660060557450909857e-01
7.884608985456342811e-01
1.538565430700269188e+00
6.127478281320265091e-02
8.471067420266474579e-02
1.174323411322444555e+00
1.100759614260476416e-01
1.105264279437996988e+00
1.171287945434151379e+00
1.345233066252076837e+00
9.858415667614495170e-01
7.461686972848131649e-01
1.093181639934574623e+00
1.066881097205794188e-01
1.410888723524166832e-01
1.314841043252154451e+00
2.268473736813369016e-02
9.144378858407745114e-02
6.792971657466569946e-01
3.746316492939563703e-01
8.408292130963032629e-02
1.087329719211433510e+00
9.407322685928360961e-01
7.999948780183248065e-01
8.573735865160532210e-01
1.122515136069502262e+00
3.462129549343546109e-01
8.637601093418828535e-02
6.920228921039667247e-01
9.421325810911249099e-02
1.275495006946575360e+00
2.102028968449161095e+00
1.525168622825131270e-01
3.288150360658053106e-01
1.458093167583292660e+00
2.219999716374846388e-01
1.463763367566003781e+00
9.141211477644220484e-02
2.096927532345888856e-01
7.116010086610464747e-01
9.765620154615581860e-01
5.021608053104596736e-02
1.482280048722256716e+00
1.885723393863076636e+00
6.106061770155212232e-01
9.362380761030519860e-01
4.310915104166153644e-01
3.832444217475193260e-01
1.055793094113214758e+00
1.668898755785329202e+00
2.812874396948793487e-01
8.108457360151440918e-01
1.192465879769724513e+00
1.055456823306883285e+00
6.286819396049954101e-01
1.850819146595025666e+00
2.794708346707041116e-02
5.781557664241290112e-02
1.351273737158590116e+00
7.785113669563599181e-01
8.374975509347554192e-01
3.020039514365691069e-02
1.308757648144256158e-01
6.435699788928485321e-02
4.062738666227129203e-01
9.863414560318413127e-01
1.744068144569657530e+00
1.095304873720205130e+00
1.054195649091431042e+00
4.052804187193368990e-01
1.480716931709043505e-01
5.037404416944851748e-01
1.308246069361161501e+00
7.680792615664499001e-01
5.048015747895835403e-01
1.148244127392100467e+00
1.179659896067450919e+00
1.406313578037392542e-01
6.736929922295993300e-01
9.027387383066516613e-02
1.075443995449578277e-01
1.197590210221780582e+00
1.526493906785796328e+00
8.246714601381968102e-01
4.077096450501414143e-02
3.121442548340821466e-01
8.296112813619959114e-01
1.628982430931048331e+00
5.010517280432773279e-02
1.034740591949756983e+00
7.841197713339445041e-01
1.177512724563503976e+00
1.192411963568872801e+00
8.054049743583632237e-01
9.899948373187953399e-01
8.575319870083086826e-01
8.754606705967113434e-02
9.256980815679902164e-02
1.686258614759711671e-01
3.629891179671158596e-01
1.719127262670167466e+00
9.135948485898022220e-01
9.414144486791949790e-03
1.431638019656609861e+00
2.131780621872915171e-01
2.328795781110326313e-01
1.578925117379210985e-01
1.520813013140593029e+00
6.351706055115863281e-01
1.072768881695766452e-01
1.444711726163305232e-01
1.050506441946624792e+00
1.248465319804071411e-01
3.403319990118272576e-01
1.146901727914661828e+00
5.272308065049351455e-01
2.648740019528431411e+00
8.005801386835383060e-02
1.461578016193548324e+00
8.073923520824870526e-01
1.080585515487944237e+00
3.134408677386406605e-01
1.340907686346185068e+00
4.432946404833992826e-01
1.042543215842251514e-01
1.250831273625522266e+00
8.898615409399673881e-02
1.711406297184715264e+00
7.556306373368262275e-01
1.087336377081366962e-01
2.937041721831428198e-01
2.442884711641630346e+00
1.564968254404172976e+00
9.566396507692097595e-01
6.941787110814781059e-01
1.114707659377113913e+00
1.208456234457349898e-01
2.573040235493388117e+00
8.535646102943944546e-02
4.315173855141838377e-01
5.028477587552848682e-01
2.460839237253268641e-01
1.440283674738107589e+00
1.014248477823522343e+00
1.525764803865705899e+00
3.004840829389421875e-01
6.261228578354276486e-01
1.011435726984624361e+00
5.396151790348133193e-02
2.132560903760312154e-01
9.170239548340412827e-02
9.379445910758675842e-01
1.321152569572640878e-01
7.960165889684861495e-01
1.065226245665509136e-01
7.407952841276235212e-01
1.838514159397806935e+00
1.401284309829407881e+00
3.351415923171820466e-01
8.084028397660926180e-01
1.112176998897722369e+00
1.358253380201839555e-01
1.333023160818073150e+00
4.304122370400769726e-01
1.211258875153655296e-01
1.350937663970652070e+00
1.317118460361315968e+00
2.102833500441891434e+00
1.005218391455818122e-01
1.307269580592884117e-01
1.520411847634425939e+00
1.238343566826608066e+00
1.267232582232408866e+00
8.672392514002258412e-01
9.954053137821472497e-01
4.233854242351296482e-01
4.805920762197632978e-01
9.951675944978329025e-02
8.439219322344261309e-01
8.919354453676524574e-01
8.531112112526076374e-02
2.831231050936647287e-01
9.585561615710642969e-02
3.237681388706277197e-01
9.430561064327878940e-02
6.056788077075794252e-01
4.245423107300722032e-01
5.763076806047567890e-02
8.603146380442480701e-02
2.246288314671505415e-01
9.826032700549958143e-02
9.150752620950779181e-02
7.602655789058850866e-01
6.926873511784953363e-01
1.218265027401176370e+00
8.330791747668712111e-01
1.415050028623320300e+00
5.586436479053688009e-01
7.851568278557478076e-01
7.999625037813329342e-01
4.839889866024784104e-01
1.722367121815789659e+00
1.439717857154521496e+00
7.937097507498392934e-01
3.524375935318243419e-02
1.536939076778047308e+00
8.891368736554403629e-01
1.149507307832738912e+00
7.012818145627137678e-01
1.900914359741615600e+00
1.146886733250281343e-01
9.664981743500435096e-02
1.717071126066881170e+00
8.330194819850793575e-01
2.215791830845760479e+00
1.611695534696439558e-01
8.059888084577221390e-01
4.193073955338410541e-01
8.808072431522015466e-02
3.763262717111765521e-01
8.840550589622526712e-01
1.610715738645266681e-01
5.808547006947704233e-02
1.182074599919142738e-01
8.986416078771486404e-02
1.038875831602214195e+00
1.882787007162584902e-01
3.827046691979504173e-02
1.083937440864476853e+00
7.954915991762033511e-02
1.191273296973026863e+00
3.550107260353299043e-01
1.271186850390769507e+00
1.345659315750854734e+00
1.346112415375083193e+00
7.024508842386819607e-01
1.370348166393569711e+00
1.698313851770296035e+00
1.263859194426105448e-01
7.264043053116215898e-01
